0.891975308642,0.717086834734,0.717086834734,0.734693877551,0.487012987013,
0.81,0.630208333333,0.630208333333,0.47265625,0.444852941176,
0.530020703934,0.501278772379,0.501278772379,0.501278772379,0.349896480331,
0.5625,0.5625,0.5625,0.5625,0.5625,
0.602083333333,0.241071428571,0.297619047619,0.510416666667,0.408333333333,
0.9025,0.544444444444,0.711111111111,0.711111111111,0.9025,
0.852071005917,0.852071005917,0.852071005917,0.852071005917,0.852071005917,
0.885813148789,0.266666666667,0.266666666667,0.511363636364,0.49,
0.907029478458,0.907029478458,0.734693877551,0.907029478458,0.907029478458,
0.871111111111,0.568115942029,0.568115942029,0.5983436853,0.546313799622,
