0.636363636364
0.636363636364
0.571428571429
0.461538461538
0.363636363636
0.25
0.636363636364
0.47619047619
0.375
0.285714285714
0.869565217391
0.333333333333
0.666666666667
0.352941176471
0.3
0.636363636364
0.636363636364
0.571428571429
0.461538461538
0.363636363636
0.25
0.636363636364
0.47619047619
0.375
0.285714285714
0.869565217391
0.333333333333
0.666666666667
0.352941176471
0.3
0.636363636364
0.636363636364
0.571428571429
0.461538461538
0.363636363636
0.25
0.636363636364
0.47619047619
0.375
0.285714285714
0.869565217391
0.333333333333
0.666666666667
0.352941176471
0.3
0.636363636364
0.636363636364
0.571428571429
0.461538461538
0.363636363636
0.25
0.636363636364
0.47619047619
0.375
0.285714285714
0.869565217391
0.333333333333
0.666666666667
0.352941176471
0.3
0.636363636364
0.636363636364
0.571428571429
0.461538461538
0.363636363636
0.25
0.636363636364
0.47619047619
0.375
0.285714285714
0.869565217391
0.333333333333
0.666666666667
0.352941176471
0.3
