0.640316205534
0.683712121212
0.907029478458
0.514245014245
0.826446280992
0.918402777778
0.911157024793
0.907029478458
0.5625
0.641604010025
0.914933837429
0.891975308642
0.891975308642
0.678200692042
0.535714285714
0.640316205534
0.683712121212
0.907029478458
0.514245014245
0.826446280992
0.918402777778
0.911157024793
0.907029478458
0.5625
0.641604010025
0.914933837429
0.891975308642
0.891975308642
0.678200692042
0.535714285714
0.640316205534
0.683712121212
0.907029478458
0.514245014245
0.826446280992
0.918402777778
0.911157024793
0.907029478458
0.5625
0.641604010025
0.914933837429
0.891975308642
0.891975308642
0.678200692042
0.535714285714
0.640316205534
0.683712121212
0.907029478458
0.514245014245
0.826446280992
0.918402777778
0.911157024793
0.907029478458
0.5625
0.641604010025
0.914933837429
0.891975308642
0.891975308642
0.678200692042
0.535714285714
0.640316205534
0.683712121212
0.907029478458
0.514245014245
0.826446280992
0.918402777778
0.911157024793
0.907029478458
0.5625
0.641604010025
0.914933837429
0.891975308642
0.891975308642
0.678200692042
0.535714285714
