0.828157349896,0.812030075188,0.812030075188,0.812030075188,0.781385281385,
0.78125,0.717086834734,0.717086834734,0.580498866213,0.641604010025,
0.862244897959,0.862244897959,0.862244897959,0.862244897959,0.862244897959,
0.765625,0.132275132275,0.338624338624,0.277056277056,0.444444444444,
0.9025,0.544444444444,0.711111111111,0.711111111111,0.9025,
0.798913043478,0.650537634409,0.35904628331,0.714640198511,0.714640198511,
0.47265625,0.109649122807,0.306220095694,0.404858299595,0.378947368421,
0.734693877551,0.734693877551,0.734693877551,0.734693877551,0.734693877551,
0.771428571429,0.654731457801,0.654731457801,0.585812356979,0.670807453416,
0.678200692042,0.175,0.357142857143,0.3125,0.5625,
