0.530020703934,0.501278772379,0.501278772379,0.501278772379,0.349896480331,
0.852071005917,0.852071005917,0.852071005917,0.852071005917,0.852071005917,
0.806666666667,0.724637681159,0.352083333333,0.765625,0.601666666667,
0.914933837429,0.847756410256,0.483277591973,0.782544378698,0.782544378698,
0.66015625,0.417391304348,0.289855072464,0.654731457801,0.386727688787,
0.885813148789,0.357142857143,0.357142857143,0.4,0.466666666667,
0.657894736842,0.366666666667,0.366666666667,0.646464646465,0.349173553719,
0.891975308642,0.63025210084,0.63025210084,0.655328798186,0.580498866213,
0.885813148789,0.266666666667,0.266666666667,0.511363636364,0.49,
0.885813148789,0.625,0.544444444444,0.656818181818,0.609523809524,
0.891975308642,0.585812356979,0.292270531401,0.530020703934,0.61247637051,
0.444444444444,0.444444444444,0.444444444444,0.444444444444,0.444444444444,
