0.734693877551,0.423558897243,0.190476190476,0.423558897243,0.510204081633,
0.828157349896,0.563909774436,0.214285714286,0.724310776942,0.625541125541,
0.725651577503,0.653333333333,0.445987654321,0.653333333333,0.725651577503,
0.840277777778,0.548701298701,0.392857142857,0.511363636364,0.729797979798,
0.444444444444,0.444444444444,0.444444444444,0.444444444444,0.444444444444,
0.840277777778,0.408333333333,0.533333333333,0.533333333333,0.444444444444,
0.891975308642,0.41156462585,0.275510204082,0.641604010025,0.365800865801,
0.250773993808,0.172248803828,0.234449760766,0.234449760766,0.126315789474,
0.885813148789,0.885813148789,0.885813148789,0.885813148789,0.885813148789,
0.554112554113,0.549019607843,0.549019607843,0.549019607843,0.554112554113,
0.862244897959,0.862244897959,0.862244897959,0.862244897959,0.862244897959,
0.841739130435,0.695652173913,0.627826086957,0.841739130435,0.7744,
0.871111111111,0.871111111111,0.871111111111,0.871111111111,0.871111111111,
0.745867768595,0.646464646465,0.245454545455,0.494949494949,0.581818181818,
