0.911157024793,0.911157024793,0.669421487603,0.911157024793,0.911157024793,
0.734693877551,0.602083333333,0.602083333333,0.578525641026,0.626736111111,
0.87890625,0.717086834734,0.549019607843,0.641604010025,0.625541125541,
0.5625,0.5625,0.5625,0.5625,0.5625,
0.520833333333,0.0555555555556,0.0555555555556,0.0555555555556,0.0238095238095,
0.639204545455,0.639204545455,0.639204545455,0.639204545455,0.597107438017,
0.852071005917,0.852071005917,0.852071005917,0.852071005917,0.852071005917,
0.745867768595,0.656818181818,0.323529411765,0.581818181818,0.528925619835,
0.885813148789,0.885813148789,0.678200692042,0.885813148789,0.885813148789,
0.802777777778,0.603571428571,0.603571428571,0.603571428571,0.802777777778,
0.782544378698,0.541229385307,0.352664576803,0.618135376756,0.506896551724,
0.9025,0.602352941176,0.461176470588,0.617142857143,0.64,
