0.591715976331
0.49
0.9025
0.735294117647
0.918402777778
0.907029478458
0.641604010025
0.891975308642
0.701298701299
0.64
0.748538011696
0.678200692042
0.591715976331
0.49
0.9025
0.735294117647
0.918402777778
0.907029478458
0.641604010025
0.891975308642
0.701298701299
0.64
0.748538011696
0.678200692042
0.591715976331
0.49
0.9025
0.735294117647
0.918402777778
0.907029478458
0.641604010025
0.891975308642
0.701298701299
0.64
0.748538011696
0.678200692042
0.591715976331
0.49
0.9025
0.735294117647
0.918402777778
0.907029478458
0.641604010025
0.891975308642
0.701298701299
0.64
0.748538011696
0.678200692042
0.591715976331
0.49
0.9025
0.735294117647
0.918402777778
0.907029478458
0.641604010025
0.891975308642
0.701298701299
0.64
0.748538011696
0.678200692042
