0.307692307692
0.2
0.0
0.235294117647
0.0
0.285714285714
0.0952380952381
0.0
0.190476190476
0.0
0.0
0.235294117647
0.307692307692
0.2
0.0
0.235294117647
0.0
0.285714285714
0.0952380952381
0.0
0.190476190476
0.0
0.0
0.235294117647
0.307692307692
0.2
0.0
0.235294117647
0.0
0.285714285714
0.0952380952381
0.0
0.190476190476
0.0
0.0
0.235294117647
0.307692307692
0.2
0.0
0.235294117647
0.0
0.285714285714
0.0952380952381
0.0
0.190476190476
0.0
0.0
0.235294117647
0.307692307692
0.2
0.0
0.235294117647
0.0
0.285714285714
0.0952380952381
0.0
0.190476190476
0.0
0.0
0.235294117647
