0.885813148789
0.9025
0.907029478458
0.701298701299
0.678200692042
0.5625
0.617346938776
0.653985507246
0.745867768595
0.597107438017
0.342857142857
0.745867768595
0.812030075188
0.885813148789
0.9025
0.907029478458
0.701298701299
0.678200692042
0.5625
0.653985507246
0.745867768595
0.597107438017
0.342857142857
0.745867768595
0.812030075188
0.885813148789
0.9025
0.907029478458
0.701298701299
0.678200692042
0.597107438017
0.653985507246
0.745867768595
0.745867768595
0.812030075188
0.885813148789
0.9025
0.907029478458
0.701298701299
0.597107438017
0.653985507246
0.745867768595
0.745867768595
0.812030075188
