0.384615384615
0.4
0.470588235294
0.25
0.0
0.285714285714
0.0
0.181818181818
0.222222222222
0.352941176471
0.272727272727
0.380952380952
0.384615384615
0.4
0.470588235294
0.25
0.285714285714
0.0
0.181818181818
0.222222222222
0.352941176471
0.272727272727
0.380952380952
0.384615384615
0.4
0.470588235294
0.25
0.285714285714
0.0
0.181818181818
0.222222222222
0.352941176471
0.272727272727
0.380952380952
0.384615384615
0.4
0.470588235294
0.25
0.285714285714
0.0
0.181818181818
0.222222222222
0.352941176471
0.272727272727
0.380952380952
