0.591715976331
0.9025
0.885813148789
0.918402777778
0.678200692042
0.641604010025
0.891975308642
0.745867768595
0.748538011696
0.678200692042
0.745867768595
0.734693877551
0.591715976331
0.9025
0.885813148789
0.918402777778
0.641604010025
0.891975308642
0.745867768595
0.748538011696
0.678200692042
0.745867768595
0.734693877551
0.591715976331
0.9025
0.885813148789
0.918402777778
0.641604010025
0.891975308642
0.745867768595
0.748538011696
0.678200692042
0.745867768595
0.734693877551
0.591715976331
0.9025
0.885813148789
0.918402777778
0.641604010025
0.891975308642
0.745867768595
0.748538011696
0.678200692042
0.745867768595
0.734693877551
