0.297520661157,0.116883116883,0.116883116883,0.116883116883,0.189393939394,
0.36,0.025,0.0666666666667,0.025,0.0818181818182,
0.81,0.0,0.025,0.0,0.16,
0.327272727273,0.025,0.0666666666667,0.025,0.0818181818182,
0.49,0.0,0.025,0.0,0.16,
0.81,0.025,0.0666666666667,0.025,0.0818181818182,
0.408333333333,0.0,0.025,0.0,0.16,
0.81,0.02,0.0571428571429,0.02,0.145454545455,
0.49,0.025,0.0666666666667,0.025,0.0818181818182,
0.227272727273,0.128571428571,0.128571428571,0.128571428571,0.075,
0.581818181818,0.128571428571,0.128571428571,0.128571428571,0.075,
