0.5625,0.0104166666667,0.3,0.09375,0.340277777778,
0.840277777778,0.0104166666667,0.3,0.09375,0.340277777778,
0.482142857143,0.148148148148,0.148148148148,0.0104166666667,0.14880952381,
0.5625,0.148148148148,0.148148148148,0.0104166666667,0.314102564103,
0.297520661157,0.0727272727273,0.0727272727273,0.0727272727273,0.132231404959,
0.641025641026,0.148148148148,0.148148148148,0.0104166666667,0.14880952381,
0.862244897959,0.00793650793651,0.291666666667,0.00793650793651,0.304761904762,
0.404958677686,0.0727272727273,0.0727272727273,0.0727272727273,0.132231404959,
0.840277777778,0.0104166666667,0.3,0.09375,0.340277777778,
0.5625,0.0104166666667,0.3,0.09375,0.340277777778,
