0.5625,0.0104166666667,0.3,0.09375,0.340277777778,
0.1875,0.037037037037,0.037037037037,0.0104166666667,0.160256410256,
0.1875,0.037037037037,0.037037037037,0.0104166666667,0.160256410256,
0.642857142857,0.00793650793651,0.291666666667,0.00793650793651,0.304761904762,
0.617346938776,0.00793650793651,0.291666666667,0.00793650793651,0.304761904762,
0.81,0.02,0.0571428571429,0.02,0.145454545455,
0.862244897959,0.00793650793651,0.291666666667,0.00793650793651,0.304761904762,
0.840277777778,0.0104166666667,0.3,0.09375,0.340277777778,
0.5625,0.0104166666667,0.3,0.09375,0.340277777778,
0.445454545455,0.0666666666667,0.2,0.0666666666667,0.227272727273,
0.840277777778,0.0104166666667,0.3,0.09375,0.340277777778,
0.840277777778,0.037037037037,0.037037037037,0.0104166666667,0.160256410256,
