0.470588235294
0.1
0.705882352941
0.380952380952
0.0
0.352941176471
0.190476190476
0.545454545455
0.285714285714
0.181818181818
0.272727272727
0.380952380952
0.4
0.857142857143
0.608695652174
0.384615384615
0.4
0.32
0.25
0.380952380952
0.0
0.375
0.222222222222
0.1
0.470588235294
0.1
0.705882352941
0.380952380952
0.0
0.352941176471
0.190476190476
0.545454545455
0.285714285714
0.181818181818
0.272727272727
0.380952380952
0.4
0.857142857143
0.608695652174
0.384615384615
0.4
0.32
0.25
0.380952380952
0.0
0.375
0.222222222222
0.1
0.1
0.705882352941
0.380952380952
0.0
0.352941176471
0.190476190476
0.545454545455
0.285714285714
0.181818181818
0.272727272727
0.380952380952
0.4
0.857142857143
0.608695652174
0.384615384615
0.4
0.32
0.25
0.380952380952
0.0
0.375
0.222222222222
0.1
0.1
0.705882352941
0.380952380952
0.0
0.352941176471
0.190476190476
0.545454545455
0.285714285714
0.181818181818
0.272727272727
0.380952380952
0.4
0.857142857143
0.608695652174
0.384615384615
0.4
0.32
0.25
0.380952380952
0.0
0.375
0.222222222222
0.1
0.1
0.705882352941
0.380952380952
0.0
0.352941176471
0.190476190476
0.545454545455
0.285714285714
0.181818181818
0.272727272727
0.380952380952
0.4
0.857142857143
0.608695652174
0.384615384615
0.4
0.32
0.25
0.380952380952
0.0
0.375
0.222222222222
0.1
