0.891975308642,0.717086834734,0.717086834734,0.734693877551,0.487012987013,
0.528125,0.405,0.405,0.405,0.378125,
0.9025,0.4,0.544444444444,0.544444444444,0.64,
0.76862745098,0.703125,0.12,0.7225,0.625,
0.481605351171,0.320158102767,0.252964426877,0.320158102767,0.219202898551,
0.9025,0.333333333333,0.403333333333,0.469444444444,0.64,
0.530020703934,0.501278772379,0.501278772379,0.501278772379,0.349896480331,
0.546313799622,0.234782608696,0.142028985507,0.234782608696,0.185354691076,
0.734693877551,0.423558897243,0.190476190476,0.423558897243,0.510204081633,
0.79012345679,0.534759358289,0.534759358289,0.392156862745,0.498269896194,
0.907029478458,0.907029478458,0.734693877551,0.907029478458,0.781385281385,
0.911157024793,0.911157024793,0.669421487603,0.911157024793,0.911157024793,
0.897506925208,0.792569659443,0.792569659443,0.792569659443,0.897506925208,
0.897506925208,0.606811145511,0.606811145511,0.897506925208,0.897506925208,
0.765625,0.132275132275,0.338624338624,0.277056277056,0.444444444444,
0.911157024793,0.646464646465,0.646464646465,0.646464646465,0.597107438017,
0.87890625,0.390625,0.6,0.87890625,0.87890625,
0.9025,0.544444444444,0.711111111111,0.711111111111,0.9025,
0.897506925208,0.792569659443,0.792569659443,0.792569659443,0.897506925208,
0.725651577503,0.653333333333,0.445987654321,0.653333333333,0.725651577503,
0.840277777778,0.548701298701,0.392857142857,0.511363636364,0.729797979798,
0.87890625,0.568181818182,0.729797979798,0.683712121212,0.597107438017,
0.907029478458,0.907029478458,0.466666666667,0.907029478458,0.907029478458,
0.586805555556,0.234449760766,0.234449760766,0.327935222672,0.542936288089,
0.66015625,0.417391304348,0.289855072464,0.654731457801,0.386727688787,
0.87890625,0.717086834734,0.549019607843,0.641604010025,0.625541125541,
0.745867768595,0.581818181818,0.445454545455,0.445454545455,0.745867768595,
0.250773993808,0.172248803828,0.234449760766,0.234449760766,0.126315789474,
0.734693877551,0.3663003663,0.3663003663,0.622222222222,0.734693877551,
0.703125,0.289285714286,0.432142857143,0.703125,0.703125,
0.709141274238,0.687719298246,0.505263157895,0.687719298246,0.542936288089,
0.862244897959,0.76862745098,0.76862745098,0.792569659443,0.678200692042,
0.907029478458,0.701298701299,0.580498866213,0.907029478458,0.907029478458,
0.885813148789,0.357142857143,0.357142857143,0.4,0.466666666667,
0.891975308642,0.520833333333,0.333333333333,0.537202380952,0.765625,
0.885813148789,0.625,0.625,0.7225,0.7225,
0.9025,0.469444444444,0.469444444444,0.802777777778,0.9025,
0.9025,0.682105263158,0.682105263158,0.841739130435,0.678461538462,
0.871111111111,0.480158730159,0.396825396825,0.680555555556,0.604938271605,
0.891975308642,0.63025210084,0.63025210084,0.655328798186,0.580498866213,
0.639204545455,0.639204545455,0.639204545455,0.639204545455,0.597107438017,
0.885813148789,0.6125,0.6125,0.64,0.5625,
0.597107438017,0.305555555556,0.363636363636,0.363636363636,0.597107438017,
0.835227272727,0.835227272727,0.573412698413,0.835227272727,0.835227272727,
0.745867768595,0.656818181818,0.323529411765,0.581818181818,0.528925619835,
0.891975308642,0.536507936508,0.536507936508,0.473389355742,0.580498866213,
0.862244897959,0.862244897959,0.862244897959,0.862244897959,0.862244897959,
0.78125,0.253968253968,0.396825396825,0.253968253968,0.420138888889,
0.885813148789,0.266666666667,0.266666666667,0.511363636364,0.49,
0.756143667297,0.376923076923,0.376923076923,0.641025641026,0.715976331361,
0.907029478458,0.907029478458,0.734693877551,0.907029478458,0.907029478458,
0.911157024793,0.409090909091,0.34375,0.646464646465,0.911157024793,
0.655328798186,0.595238095238,0.179271708683,0.655328798186,0.655328798186,
0.914933837429,0.914933837429,0.756143667297,0.756143667297,0.56347826087,
0.885813148789,0.76862745098,0.474509803922,0.564705882353,0.885813148789,
0.885813148789,0.625,0.544444444444,0.656818181818,0.609523809524,
0.47265625,0.109649122807,0.306220095694,0.404858299595,0.378947368421,
0.9216,0.766956521739,0.56347826087,0.766956521739,0.7056,
0.756143667297,0.585812356979,0.347826086957,0.585812356979,0.530020703934,
0.907029478458,0.907029478458,0.44708994709,0.734693877551,0.734693877551,
0.9216,0.744615384615,0.7744,0.9216,0.9216,
0.9025,0.711111111111,0.711111111111,0.711111111111,0.7225,
0.826446280992,0.481605351171,0.481605351171,0.585812356979,0.355072463768,
0.871111111111,0.568115942029,0.568115942029,0.5983436853,0.546313799622,
0.891975308642,0.585812356979,0.292270531401,0.530020703934,0.61247637051,
0.911157024793,0.581818181818,0.581818181818,0.581818181818,0.745867768595,
0.745867768595,0.646464646465,0.245454545455,0.494949494949,0.581818181818,
0.66015625,0.5859375,0.440104166667,0.602083333333,0.426666666667,
0.703125,0.703125,0.703125,0.703125,0.625,
0.9025,0.602352941176,0.461176470588,0.617142857143,0.64,
0.444444444444,0.160714285714,0.160714285714,0.107142857143,0.233333333333,
0.840277777778,0.840277777778,0.840277777778,0.840277777778,0.840277777778,
0.907029478458,0.491228070175,0.491228070175,0.907029478458,0.907029478458,
0.678200692042,0.175,0.357142857143,0.3125,0.5625,
