0.828157349896,0.812030075188,0.812030075188,0.812030075188,0.781385281385,
0.5625,0.5625,0.5625,0.5625,0.5625,
0.5625,0.5625,0.5625,0.5625,0.5625,
0.862244897959,0.862244897959,0.862244897959,0.862244897959,0.862244897959,
0.9025,0.7225,0.9025,0.9025,0.9025,
0.444444444444,0.444444444444,0.444444444444,0.444444444444,0.444444444444,
0.862244897959,0.862244897959,0.862244897959,0.862244897959,0.862244897959,
0.81,0.81,0.81,0.81,0.81,
0.444444444444,0.444444444444,0.444444444444,0.444444444444,0.444444444444,
0.840277777778,0.840277777778,0.840277777778,0.840277777778,0.840277777778,
0.444444444444,0.444444444444,0.444444444444,0.444444444444,0.444444444444,
0.852071005917,0.852071005917,0.852071005917,0.852071005917,0.852071005917,
0.5625,0.5625,0.5625,0.5625,0.5625,
0.5625,0.5625,0.5625,0.5625,0.5625,
0.87890625,0.754464285714,0.754464285714,0.754464285714,0.754464285714,
0.5625,0.5625,0.5625,0.5625,0.5625,
0.885813148789,0.885813148789,0.885813148789,0.885813148789,0.885813148789,
0.862244897959,0.617346938776,0.862244897959,0.862244897959,0.862244897959,
0.862244897959,0.862244897959,0.862244897959,0.862244897959,0.862244897959,
0.734693877551,0.734693877551,0.734693877551,0.734693877551,0.734693877551,
0.840277777778,0.5625,0.444444444444,0.840277777778,0.840277777778,
0.862244897959,0.76862745098,0.76862745098,0.678200692042,0.678200692042,
0.5625,0.5625,0.5625,0.5625,0.5625,
0.520833333333,0.0555555555556,0.0555555555556,0.0555555555556,0.0238095238095,
0.852071005917,0.852071005917,0.852071005917,0.852071005917,0.852071005917,
0.444444444444,0.444444444444,0.444444444444,0.444444444444,0.444444444444,
0.862244897959,0.862244897959,0.862244897959,0.862244897959,0.862244897959,
0.826446280992,0.812030075188,0.812030075188,0.734693877551,0.311688311688,
0.734693877551,0.734693877551,0.734693877551,0.734693877551,0.734693877551,
