0.885813148789
0.9025
0.678200692042
0.907029478458
0.591715976331
0.918402777778
0.701298701299
0.678200692042
0.5625
0.641604010025
0.617346938776
0.653985507246
0.745867768595
0.597107438017
0.891975308642
0.748538011696
0.342857142857
0.745867768595
0.812030075188
0.885813148789
0.9025
0.678200692042
0.907029478458
0.591715976331
0.918402777778
0.701298701299
0.678200692042
0.5625
0.641604010025
0.617346938776
0.653985507246
0.745867768595
0.597107438017
0.891975308642
0.748538011696
0.342857142857
0.745867768595
0.812030075188
0.885813148789
0.9025
0.678200692042
0.907029478458
0.918402777778
0.701298701299
0.678200692042
0.5625
0.641604010025
0.617346938776
0.653985507246
0.745867768595
0.891975308642
0.748538011696
0.342857142857
0.745867768595
0.812030075188
0.885813148789
0.9025
0.678200692042
0.907029478458
0.918402777778
0.701298701299
0.678200692042
0.5625
0.641604010025
0.617346938776
0.653985507246
0.745867768595
0.891975308642
0.748538011696
0.342857142857
0.745867768595
0.812030075188
0.885813148789
0.9025
0.678200692042
0.907029478458
0.918402777778
0.701298701299
0.678200692042
0.5625
0.641604010025
0.617346938776
0.653985507246
0.745867768595
0.891975308642
0.748538011696
0.342857142857
0.745867768595
0.812030075188
