0.352941176471
-0.1
0.235294117647
0.285714285714
0.307692307692
0.166666666667
0.0
0.0
0.25
0.285714285714
0.428571428571
0.260869565217
0.0
0.454545454545
0.0
0.0
0.1
0.0909090909091
0.0952380952381
0.352941176471
-0.1
0.235294117647
0.285714285714
0.307692307692
0.166666666667
0.0
0.0
0.25
0.285714285714
0.428571428571
0.260869565217
0.0
0.454545454545
0.0
0.0
0.1
0.0909090909091
0.0952380952381
0.352941176471
-0.1
0.235294117647
0.285714285714
0.166666666667
0.0
0.0
0.25
0.285714285714
0.428571428571
0.260869565217
0.0
0.0
0.444444444444
0.1
0.0909090909091
0.0952380952381
0.352941176471
-0.1
0.235294117647
0.285714285714
0.166666666667
0.0
0.0
0.25
0.285714285714
0.428571428571
0.260869565217
0.0
0.0
0.444444444444
0.1
0.0909090909091
0.0952380952381
0.352941176471
-0.1
0.235294117647
0.285714285714
0.166666666667
0.0
0.0
0.25
0.285714285714
0.428571428571
0.260869565217
0.0
0.0
0.444444444444
0.1
0.0909090909091
0.0952380952381
