0.812030075188,0.812030075188,0.380952380952,0.812030075188,0.812030075188,
0.891975308642,0.717086834734,0.717086834734,0.734693877551,0.487012987013,
0.81,0.630208333333,0.630208333333,0.47265625,0.444852941176,
0.9025,0.4,0.544444444444,0.544444444444,0.64,
0.606811145511,0.357142857143,0.357142857143,0.528125,0.275,
0.76862745098,0.703125,0.12,0.7225,0.625,
0.481605351171,0.320158102767,0.252964426877,0.320158102767,0.219202898551,
0.9025,0.497058823529,0.497058823529,0.497058823529,0.515789473684,
0.5625,0.5625,0.5625,0.5625,0.5625,
0.9025,0.333333333333,0.403333333333,0.469444444444,0.64,
0.530020703934,0.501278772379,0.501278772379,0.501278772379,0.349896480331,
0.5625,0.5625,0.5625,0.5625,0.5625,
0.602083333333,0.241071428571,0.297619047619,0.510416666667,0.408333333333,
0.546313799622,0.234782608696,0.142028985507,0.234782608696,0.185354691076,
0.891975308642,0.891975308642,0.891975308642,0.891975308642,0.891975308642,
0.734693877551,0.423558897243,0.190476190476,0.423558897243,0.510204081633,
0.914933837429,0.828157349896,0.5983436853,0.828157349896,0.828157349896,
0.852071005917,0.852071005917,0.852071005917,0.852071005917,0.852071005917,
0.907029478458,0.907029478458,0.734693877551,0.907029478458,0.781385281385,
0.806666666667,0.724637681159,0.352083333333,0.765625,0.601666666667,
0.907029478458,0.403361344538,0.473389355742,0.724310776942,0.907029478458,
0.911157024793,0.911157024793,0.669421487603,0.911157024793,0.911157024793,
0.734693877551,0.717086834734,0.473389355742,0.717086834734,0.580498866213,
0.897506925208,0.792569659443,0.792569659443,0.792569659443,0.897506925208,
0.897506925208,0.606811145511,0.606811145511,0.897506925208,0.897506925208,
0.891975308642,0.812030075188,0.812030075188,0.670807453416,0.734693877551,
0.87890625,0.390625,0.6,0.87890625,0.87890625,
0.771428571429,0.54347826087,0.54347826087,0.628260869565,0.370510396975,
0.828157349896,0.717086834734,0.717086834734,0.717086834734,0.625541125541,
0.897506925208,0.792569659443,0.792569659443,0.792569659443,0.897506925208,
0.725651577503,0.653333333333,0.445987654321,0.653333333333,0.725651577503,
0.573099415205,0.275510204082,0.340136054422,0.241071428571,0.487012987013,
0.907029478458,0.907029478458,0.466666666667,0.907029478458,0.907029478458,
0.734693877551,0.602083333333,0.602083333333,0.578525641026,0.626736111111,
0.871111111111,0.717086834734,0.717086834734,0.670807453416,0.580498866213,
0.694444444444,0.625925925926,0.625925925926,0.625925925926,0.552287581699,
0.891975308642,0.41156462585,0.275510204082,0.641604010025,0.365800865801,
0.66015625,0.417391304348,0.289855072464,0.654731457801,0.386727688787,
0.87890625,0.717086834734,0.549019607843,0.641604010025,0.625541125541,
0.655328798186,0.391203703704,0.280092592593,0.547348484848,0.481666666667,
0.5625,0.5625,0.5625,0.5625,0.5625,
0.250773993808,0.172248803828,0.234449760766,0.234449760766,0.126315789474,
0.703125,0.289285714286,0.432142857143,0.703125,0.703125,
0.885813148789,0.885813148789,0.885813148789,0.885813148789,0.885813148789,
0.862244897959,0.617346938776,0.862244897959,0.862244897959,0.862244897959,
0.734693877551,0.734693877551,0.734693877551,0.734693877551,0.734693877551,
0.907029478458,0.701298701299,0.580498866213,0.907029478458,0.907029478458,
0.885813148789,0.357142857143,0.357142857143,0.4,0.466666666667,
0.840277777778,0.5625,0.444444444444,0.840277777778,0.840277777778,
0.840277777778,0.548701298701,0.548701298701,0.426767676768,0.444664031621,
0.5625,0.5625,0.5625,0.5625,0.5625,
0.520833333333,0.0555555555556,0.0555555555556,0.0555555555556,0.0238095238095,
0.871111111111,0.480158730159,0.396825396825,0.680555555556,0.604938271605,
0.657894736842,0.366666666667,0.366666666667,0.646464646465,0.349173553719,
0.891975308642,0.63025210084,0.63025210084,0.655328798186,0.580498866213,
0.891975308642,0.604938271605,0.891975308642,0.891975308642,0.891975308642,
0.639204545455,0.639204545455,0.639204545455,0.639204545455,0.597107438017,
0.597107438017,0.305555555556,0.363636363636,0.363636363636,0.597107438017,
0.835227272727,0.835227272727,0.573412698413,0.835227272727,0.835227272727,
0.5625,0.416666666667,0.416666666667,0.416666666667,0.544444444444,
0.891975308642,0.586805555556,0.680555555556,0.680555555556,0.494152046784,
0.78125,0.253968253968,0.396825396825,0.253968253968,0.420138888889,
0.885813148789,0.266666666667,0.266666666667,0.511363636364,0.49,
0.885813148789,0.885813148789,0.678200692042,0.885813148789,0.885813148789,
0.911157024793,0.911157024793,0.911157024793,0.911157024793,0.911157024793,
0.914933837429,0.747412008282,0.747412008282,0.747412008282,0.756143667297,
0.885813148789,0.625,0.544444444444,0.656818181818,0.609523809524,
0.9216,0.766956521739,0.56347826087,0.766956521739,0.7056,
0.756143667297,0.585812356979,0.347826086957,0.585812356979,0.530020703934,
0.802777777778,0.603571428571,0.603571428571,0.603571428571,0.802777777778,
0.9025,0.711111111111,0.711111111111,0.711111111111,0.7225,
0.826446280992,0.481605351171,0.481605351171,0.585812356979,0.355072463768,
0.444444444444,0.444444444444,0.444444444444,0.444444444444,0.444444444444,
0.929846938776,0.720238095238,0.39751552795,0.720238095238,0.709359605911,
0.682419659735,0.661327231121,0.585812356979,0.55652173913,0.571146245059,
0.891975308642,0.585812356979,0.292270531401,0.530020703934,0.61247637051,
0.911157024793,0.581818181818,0.581818181818,0.581818181818,0.745867768595,
0.66015625,0.5859375,0.440104166667,0.602083333333,0.426666666667,
0.9025,0.602352941176,0.461176470588,0.617142857143,0.64,
0.734693877551,0.734693877551,0.734693877551,0.734693877551,0.734693877551,
0.444444444444,0.160714285714,0.160714285714,0.107142857143,0.233333333333,
0.736363636364,0.736363636364,0.736363636364,0.736363636364,0.736363636364,
