0.828157349896,0.812030075188,0.812030075188,0.812030075188,0.781385281385,
0.734693877551,0.360119047619,0.360119047619,0.303258145363,0.175324675325,
0.720588235294,0.639204545455,0.639204545455,0.656818181818,0.613636363636,
0.862244897959,0.862244897959,0.862244897959,0.862244897959,0.862244897959,
0.871111111111,0.871111111111,0.871111111111,0.871111111111,0.871111111111,
0.444444444444,0.444444444444,0.444444444444,0.444444444444,0.444444444444,
0.765625,0.132275132275,0.338624338624,0.277056277056,0.444444444444,
0.79012345679,0.571428571429,0.571428571429,0.571428571429,0.79012345679,
0.9025,0.544444444444,0.711111111111,0.711111111111,0.9025,
0.71626984127,0.63025210084,0.63025210084,0.63025210084,0.510204081633,
0.444444444444,0.444444444444,0.444444444444,0.444444444444,0.444444444444,
0.852071005917,0.852071005917,0.852071005917,0.852071005917,0.852071005917,
0.5625,0.5625,0.5625,0.5625,0.5625,
0.87890625,0.87890625,0.87890625,0.87890625,0.87890625,
0.741418764302,0.292270531401,0.255754475703,0.741418764302,0.505928853755,
0.862244897959,0.76862745098,0.76862745098,0.792569659443,0.678200692042,
0.885813148789,0.625,0.625,0.7225,0.7225,
0.9025,0.682105263158,0.682105263158,0.841739130435,0.678461538462,
0.907029478458,0.907029478458,0.734693877551,0.907029478458,0.907029478458,
0.911157024793,0.409090909091,0.34375,0.646464646465,0.911157024793,
0.914933837429,0.914933837429,0.756143667297,0.756143667297,0.56347826087,
0.885813148789,0.76862745098,0.474509803922,0.564705882353,0.885813148789,
0.617346938776,0.505263157895,0.505263157895,0.542936288089,0.542936288089,
0.9216,0.744615384615,0.7744,0.9216,0.9216,
0.871111111111,0.841739130435,0.841739130435,0.7744,0.48,
0.871111111111,0.568115942029,0.568115942029,0.5983436853,0.546313799622,
0.918402777778,0.683712121212,0.613636363636,0.613636363636,0.683712121212,
0.826446280992,0.812030075188,0.812030075188,0.734693877551,0.311688311688,
0.734693877551,0.734693877551,0.734693877551,0.734693877551,0.734693877551,
0.675606641124,0.557098765432,0.4653784219,0.581320450886,0.48,
0.771428571429,0.654731457801,0.654731457801,0.585812356979,0.670807453416,
0.678200692042,0.175,0.357142857143,0.3125,0.5625,
