0.734693877551,0.360119047619,0.360119047619,0.303258145363,0.175324675325,
0.606811145511,0.357142857143,0.357142857143,0.528125,0.275,
0.5625,0.5625,0.5625,0.5625,0.5625,
0.530020703934,0.501278772379,0.501278772379,0.501278772379,0.349896480331,
0.5625,0.5625,0.5625,0.5625,0.5625,
0.862244897959,0.862244897959,0.862244897959,0.862244897959,0.862244897959,
0.852071005917,0.852071005917,0.852071005917,0.852071005917,0.852071005917,
0.871111111111,0.871111111111,0.871111111111,0.871111111111,0.871111111111,
0.806666666667,0.724637681159,0.352083333333,0.765625,0.601666666667,
0.734693877551,0.717086834734,0.473389355742,0.717086834734,0.580498866213,
0.444444444444,0.444444444444,0.444444444444,0.444444444444,0.444444444444,
0.897506925208,0.606811145511,0.606811145511,0.897506925208,0.897506925208,
0.891975308642,0.812030075188,0.812030075188,0.670807453416,0.734693877551,
0.9025,0.544444444444,0.711111111111,0.711111111111,0.9025,
0.573099415205,0.275510204082,0.340136054422,0.241071428571,0.487012987013,
0.444444444444,0.444444444444,0.444444444444,0.444444444444,0.444444444444,
0.852071005917,0.852071005917,0.852071005917,0.852071005917,0.852071005917,
0.5625,0.5625,0.5625,0.5625,0.5625,
0.871111111111,0.717086834734,0.717086834734,0.670807453416,0.580498866213,
0.885813148789,0.885813148789,0.885813148789,0.885813148789,0.885813148789,
0.862244897959,0.617346938776,0.862244897959,0.862244897959,0.862244897959,
0.907029478458,0.701298701299,0.580498866213,0.907029478458,0.907029478458,
0.5625,0.5625,0.5625,0.5625,0.5625,
0.520833333333,0.0555555555556,0.0555555555556,0.0555555555556,0.0238095238095,
0.78125,0.253968253968,0.396825396825,0.253968253968,0.420138888889,
0.914933837429,0.914933837429,0.756143667297,0.756143667297,0.56347826087,
0.911157024793,0.911157024793,0.911157024793,0.911157024793,0.911157024793,
0.885813148789,0.76862745098,0.474509803922,0.564705882353,0.885813148789,
0.914933837429,0.747412008282,0.747412008282,0.747412008282,0.756143667297,
0.885813148789,0.625,0.544444444444,0.656818181818,0.609523809524,
0.871111111111,0.841739130435,0.841739130435,0.7744,0.48,
0.9025,0.711111111111,0.711111111111,0.711111111111,0.7225,
0.444444444444,0.444444444444,0.444444444444,0.444444444444,0.444444444444,
0.734693877551,0.734693877551,0.734693877551,0.734693877551,0.734693877551,
0.734693877551,0.734693877551,0.734693877551,0.734693877551,0.734693877551,
0.678200692042,0.175,0.357142857143,0.3125,0.5625,
