0.888888888889
0.666666666667
0.4
1.0
0.260869565217
0.7
0.3
0.555555555556
0.695652173913
0.571428571429
0.421052631579
0.0
0.125
0.3
0.210526315789
0.37037037037
0.380952380952
0.444444444444
0.555555555556
0.875
0.625
0.190476190476
0.95652173913
1.5
0.857142857143
0.588235294118
0.666666666667
0.333333333333
0.421052631579
0.555555555556
0.272727272727
0.6
0.888888888889
0.363636363636
0.352941176471
0.142857142857
0.48
0.608695652174
0.1
0.333333333333
0.625
0.3
0.25
0.727272727273
1.33333333333
0.272727272727
