0.812030075188,0.812030075188,0.380952380952,0.812030075188,0.812030075188,
0.720588235294,0.639204545455,0.639204545455,0.656818181818,0.613636363636,
0.602083333333,0.241071428571,0.297619047619,0.510416666667,0.408333333333,
0.546313799622,0.234782608696,0.142028985507,0.234782608696,0.185354691076,
0.734693877551,0.423558897243,0.190476190476,0.423558897243,0.510204081633,
0.911157024793,0.911157024793,0.669421487603,0.911157024793,0.911157024793,
0.765625,0.132275132275,0.338624338624,0.277056277056,0.444444444444,
0.828157349896,0.717086834734,0.717086834734,0.717086834734,0.625541125541,
0.71626984127,0.63025210084,0.63025210084,0.63025210084,0.510204081633,
0.734693877551,0.602083333333,0.602083333333,0.578525641026,0.626736111111,
0.87890625,0.87890625,0.87890625,0.87890625,0.87890625,
0.250773993808,0.172248803828,0.234449760766,0.234449760766,0.126315789474,
0.703125,0.289285714286,0.432142857143,0.703125,0.703125,
0.862244897959,0.76862745098,0.76862745098,0.792569659443,0.678200692042,
0.885813148789,0.625,0.625,0.7225,0.7225,
0.871111111111,0.480158730159,0.396825396825,0.680555555556,0.604938271605,
0.891975308642,0.63025210084,0.63025210084,0.655328798186,0.580498866213,
0.639204545455,0.639204545455,0.639204545455,0.639204545455,0.597107438017,
0.835227272727,0.835227272727,0.573412698413,0.835227272727,0.835227272727,
0.885813148789,0.266666666667,0.266666666667,0.511363636364,0.49,
0.907029478458,0.907029478458,0.734693877551,0.907029478458,0.907029478458,
0.9216,0.744615384615,0.7744,0.9216,0.9216,
0.826446280992,0.481605351171,0.481605351171,0.585812356979,0.355072463768,
0.929846938776,0.720238095238,0.39751552795,0.720238095238,0.709359605911,
0.871111111111,0.568115942029,0.568115942029,0.5983436853,0.546313799622,
0.682419659735,0.661327231121,0.585812356979,0.55652173913,0.571146245059,
0.911157024793,0.581818181818,0.581818181818,0.581818181818,0.745867768595,
0.675606641124,0.557098765432,0.4653784219,0.581320450886,0.48,
0.771428571429,0.654731457801,0.654731457801,0.585812356979,0.670807453416,
