0.36,0.025,0.0666666666667,0.025,0.0818181818182,
0.675,0.08,0.08,0.08,0.327272727273,
0.297794117647,0.204545454545,0.204545454545,0.204545454545,0.0588235294118,
0.385714285714,0.0178571428571,0.047619047619,0.0178571428571,0.0714285714286,
0.1875,0.037037037037,0.037037037037,0.0104166666667,0.160256410256,
0.385714285714,0.0178571428571,0.047619047619,0.0178571428571,0.0714285714286,
0.1875,0.037037037037,0.037037037037,0.0104166666667,0.160256410256,
0.269230769231,0.0512820512821,0.0384615384615,0.0128205128205,0.197802197802,
0.0992063492063,0.0102040816327,0.0714285714286,0.0102040816327,0.0401785714286,
0.233333333333,0.198412698413,0.126984126984,0.126984126984,0.0401785714286,
0.528925619835,0.0,0.0113636363636,0.0,0.0681818181818,
0.512820512821,0.0989010989011,0.0128205128205,0.0989010989011,0.0461538461538,
0.754464285714,0.0,0.233766233766,0.0,0.171428571429,
0.410256410256,0.190476190476,0.190476190476,0.190476190476,0.0238095238095,
0.272727272727,0.0,0.0113636363636,0.0,0.030303030303,
0.81,0.0,0.025,0.0,0.16,
0.327272727273,0.025,0.0666666666667,0.025,0.0818181818182,
0.81,0.08,0.08,0.08,0.327272727273,
0.49,0.0,0.025,0.0,0.16,
0.81,0.025,0.0666666666667,0.025,0.0818181818182,
0.291666666667,0.037037037037,0.037037037037,0.0104166666667,0.160256410256,
0.408333333333,0.0,0.025,0.0,0.16,
0.318181818182,0.0,0.0113636363636,0.0,0.0681818181818,
0.410256410256,0.037037037037,0.037037037037,0.0104166666667,0.160256410256,
0.291666666667,0.037037037037,0.037037037037,0.0104166666667,0.160256410256,
0.852071005917,0.0865384615385,0.0865384615385,0.0865384615385,0.0879120879121,
0.113122171946,0.0865384615385,0.0865384615385,0.0865384615385,0.0879120879121,
0.128205128205,0.0865384615385,0.0865384615385,0.0865384615385,0.0879120879121,
0.221719457014,0.0865384615385,0.0865384615385,0.0865384615385,0.0879120879121,
0.340277777778,0.190476190476,0.190476190476,0.190476190476,0.0277777777778,
0.351648351648,0.0989010989011,0.0128205128205,0.0989010989011,0.0461538461538,
0.137362637363,0.0989010989011,0.0128205128205,0.0989010989011,0.0461538461538,
0.5625,0.375,0.375,0.375,0.102564102564,
0.480769230769,0.0865384615385,0.0865384615385,0.0865384615385,0.0879120879121,
0.269230769231,0.0989010989011,0.0128205128205,0.0989010989011,0.0461538461538,
0.528925619835,0.207792207792,0.102272727273,0.324675324675,0.251748251748,
0.304761904762,0.0,0.0408163265306,0.0,0.0714285714286,
0.269230769231,0.0512820512821,0.0384615384615,0.0128205128205,0.197802197802,
0.0992063492063,0.0102040816327,0.0714285714286,0.0102040816327,0.0401785714286,
0.512820512821,0.0989010989011,0.0128205128205,0.0989010989011,0.0461538461538,
0.754464285714,0.0,0.233766233766,0.0,0.171428571429,
0.591715976331,0.0128205128205,0.0128205128205,0.0128205128205,0.0205128205128,
0.410256410256,0.190476190476,0.190476190476,0.190476190476,0.0238095238095,
0.385714285714,0.0178571428571,0.047619047619,0.0178571428571,0.0714285714286,
0.297520661157,0.116883116883,0.0151515151515,0.116883116883,0.030303030303,
0.81,0.08,0.08,0.08,0.327272727273,
0.111607142857,0.0102040816327,0.0714285714286,0.0102040816327,0.0714285714286,
0.304761904762,0.0178571428571,0.0178571428571,0.0178571428571,0.0761904761905,
0.233333333333,0.142857142857,0.142857142857,0.142857142857,0.021978021978,
0.230769230769,0.037037037037,0.037037037037,0.0104166666667,0.160256410256,
0.480769230769,0.0865384615385,0.0865384615385,0.0865384615385,0.0879120879121,
0.137362637363,0.0989010989011,0.0128205128205,0.0989010989011,0.0205128205128,
0.289592760181,0.0865384615385,0.0865384615385,0.0865384615385,0.0879120879121,
0.314102564103,0.037037037037,0.037037037037,0.0104166666667,0.160256410256,
0.49,0.025,0.0666666666667,0.025,0.0818181818182,
0.484848484848,0.0,0.0113636363636,0.0,0.0681818181818,
0.5625,0.375,0.375,0.375,0.102564102564,
0.421875,0.190476190476,0.190476190476,0.190476190476,0.0238095238095,
0.840277777778,0.037037037037,0.037037037037,0.0104166666667,0.160256410256,
