0.410256410256,0.0104166666667,0.3,0.09375,0.230769230769,
0.81,0.08,0.08,0.08,0.327272727273,
0.327272727273,0.128571428571,0.128571428571,0.128571428571,0.075,
0.675,0.02,0.0571428571429,0.02,0.145454545455,
0.297520661157,0.116883116883,0.116883116883,0.116883116883,0.0629370629371,
0.272727272727,0.116883116883,0.116883116883,0.116883116883,0.0629370629371,
0.340277777778,0.190476190476,0.190476190476,0.190476190476,0.0277777777778,
0.81,0.128571428571,0.128571428571,0.128571428571,0.075,
0.304761904762,0.0,0.0408163265306,0.0,0.0714285714286,
0.840277777778,0.0104166666667,0.3,0.09375,0.230769230769,
0.81,0.08,0.08,0.08,0.327272727273,
0.25,0.1,0.1,0.1,0.0555555555556,
