0.546313799622,0.234782608696,0.142028985507,0.234782608696,0.185354691076,
0.79012345679,0.534759358289,0.534759358289,0.392156862745,0.498269896194,
0.79012345679,0.571428571429,0.571428571429,0.571428571429,0.79012345679,
0.911157024793,0.646464646465,0.646464646465,0.646464646465,0.597107438017,
0.885813148789,0.625,0.625,0.7225,0.7225,
0.78125,0.253968253968,0.396825396825,0.253968253968,0.420138888889,
0.655328798186,0.595238095238,0.179271708683,0.655328798186,0.655328798186,
0.703125,0.703125,0.703125,0.703125,0.625,
0.9025,0.602352941176,0.461176470588,0.617142857143,0.64,
0.734693877551,0.734693877551,0.734693877551,0.734693877551,0.734693877551,
