0.545454545455
0.545454545455
1.5
1.0
0.333333333333
1.0
0.833333333333
0.5
0.666666666667
0.4
0.4
0.4
0.8
0.4
0.8
1.33333333333
0.6
0.666666666667
0.2
1.55555555556
0.375
0.4
0.285714285714
0.5
0.285714285714
0.5
1.25
0.333333333333
0.153846153846
0.857142857143
0.8
0.285714285714
0.285714285714
0.666666666667
0.8
0.545454545455
0.0
0.727272727273
0.615384615385
0.5
0.181818181818
0.333333333333
1.0
0.4
0.666666666667
0.8
0.727272727273
0.2
0.363636363636
0.4
0.2
0.4
0.666666666667
0.6
0.8
0.333333333333
0.363636363636
0.4
0.0
0.2
0.545454545455
0.181818181818
0.363636363636
0.166666666667
0.0
0.461538461538
0.461538461538
0.333333333333
0.461538461538
0.307692307692
0.615384615385
0.615384615385
0.333333333333
0.833333333333
0.833333333333
0.428571428571
0.909090909091
0.545454545455
1.09090909091
1.2
0.6
0.181818181818
0.363636363636
0.8
0.428571428571
0.153846153846
1.2
0.6
0.4
0.6
0.285714285714
0.25
0.615384615385
0.615384615385
0.5
0.142857142857
0.285714285714
0.727272727273
0.5
1.33333333333
0.363636363636
0.8
0.6
1.14285714286
0.142857142857
0.285714285714
0.166666666667
0.615384615385
0.153846153846
0.769230769231
1.25
0.6
0.545454545455
0.545454545455
0.181818181818
0.333333333333
0.727272727273
0.909090909091
0.5
1.0
0.666666666667
0.833333333333
0.6
0.4
0.4
0.6
0.444444444444
1.33333333333
0.666666666667
1.11111111111
0.4
0.4
1.0
0.545454545455
0.2
0.333333333333
0.666666666667
0.666666666667
0.5
0.5
0.25
