0.410256410256,0.0104166666667,0.3,0.09375,0.230769230769,
0.555555555556,0.148148148148,0.148148148148,0.0104166666667,0.14880952381,
0.482142857143,0.148148148148,0.148148148148,0.0104166666667,0.14880952381,
0.81,0.08,0.08,0.08,0.327272727273,
0.528925619835,0.207792207792,0.102272727273,0.324675324675,0.251748251748,
0.297520661157,0.0,0.136363636364,0.0,0.121212121212,
0.361607142857,0.0,0.00714285714286,0.0,0.160714285714,
0.277777777778,0.0,0.0185185185185,0.0,0.0909090909091,
0.227272727273,0.0166666666667,0.0571428571429,0.0166666666667,0.16,
0.253968253968,0.0119047619048,0.0119047619048,0.0119047619048,0.127551020408,
0.3,0.15,0.05,0.15,0.0,
0.826446280992,0.0727272727273,0.0727272727273,0.0727272727273,0.0743801652893,
0.754464285714,0.0,0.233766233766,0.0,0.171428571429,
0.277777777778,0.0,0.0185185185185,0.0,0.0909090909091,
0.251748251748,0.0,0.136363636364,0.0,0.121212121212,
0.227272727273,0.0166666666667,0.0571428571429,0.0166666666667,0.16,
0.3,0.15,0.05,0.15,0.0,
0.404958677686,0.0727272727273,0.0727272727273,0.0727272727273,0.0743801652893,
0.81,0.0,0.02,0.0,0.227272727273,
0.227272727273,0.0,0.02,0.0,0.00909090909091,
0.852071005917,0.0865384615385,0.0865384615385,0.0865384615385,0.0879120879121,
0.128205128205,0.0865384615385,0.0865384615385,0.0865384615385,0.0879120879121,
0.5625,0.375,0.375,0.375,0.102564102564,
0.297520661157,0.0,0.136363636364,0.0,0.121212121212,
0.641025641026,0.148148148148,0.148148148148,0.0104166666667,0.14880952381,
0.641025641026,0.148148148148,0.148148148148,0.0104166666667,0.14880952381,
0.765625,0.333333333333,0.333333333333,0.333333333333,0.347222222222,
0.765625,0.333333333333,0.333333333333,0.333333333333,0.347222222222,
0.189393939394,0.0,0.136363636364,0.0,0.121212121212,
0.227272727273,0.128571428571,0.128571428571,0.128571428571,0.075,
0.361607142857,0.0,0.00714285714286,0.0,0.160714285714,
0.277777777778,0.0,0.0185185185185,0.0,0.0909090909091,
0.227272727273,0.0166666666667,0.0571428571429,0.0166666666667,0.16,
0.754464285714,0.0,0.233766233766,0.0,0.171428571429,
0.862244897959,0.00793650793651,0.291666666667,0.00793650793651,0.304761904762,
0.528925619835,0.116883116883,0.116883116883,0.116883116883,0.189393939394,
0.297520661157,0.116883116883,0.0151515151515,0.116883116883,0.030303030303,
0.328205128205,0.00961538461538,0.276923076923,0.00961538461538,0.251282051282,
0.111607142857,0.0102040816327,0.0714285714286,0.0102040816327,0.0714285714286,
0.528925619835,0.207792207792,0.102272727273,0.324675324675,0.251748251748,
0.81,0.0,0.02,0.0,0.00909090909091,
0.528925619835,0.116883116883,0.116883116883,0.116883116883,0.189393939394,
0.840277777778,0.0104166666667,0.3,0.09375,0.230769230769,
0.16,0.025,0.0666666666667,0.025,0.0818181818182,
0.81,0.08,0.08,0.08,0.327272727273,
0.445454545455,0.0666666666667,0.2,0.0666666666667,0.227272727273,
0.1875,0.0,0.0416666666667,0.0,0.0238095238095,
0.528925619835,0.116883116883,0.116883116883,0.116883116883,0.189393939394,
