0.666666666667
0.833333333333
0.666666666667
0.8
0.909090909091
0.363636363636
0.571428571429
0.666666666667
0.2
0.428571428571
0.8
0.545454545455
140.714285714
0.444444444444
0.727272727273
0.2
0.8
0.363636363636
0.4
0.2
1.07692307692
0.615384615385
0.833333333333
0.363636363636
0.5
0.5
0.5
1.0
0.181818181818
0.6
0.571428571429
0.666666666667
0.2
140.714285714
0.142857142857
0.363636363636
0.727272727273
0.461538461538
0.142857142857
0.909090909091
0.4
0.727272727273
1.0
0.2
0.8
0.6
0.333333333333
0.363636363636
