0.81,0.630208333333,0.630208333333,0.47265625,0.444852941176,
0.530020703934,0.501278772379,0.501278772379,0.501278772379,0.349896480331,
0.5625,0.5625,0.5625,0.5625,0.5625,
0.885813148789,0.729797979798,0.729797979798,0.656818181818,0.597107438017,
0.602083333333,0.241071428571,0.297619047619,0.510416666667,0.408333333333,
0.914933837429,0.5983436853,0.5983436853,0.5983436853,0.682419659735,
0.852071005917,0.852071005917,0.852071005917,0.852071005917,0.852071005917,
0.625,0.489130434783,0.741418764302,0.541806020067,0.463768115942,
0.885813148789,0.266666666667,0.266666666667,0.511363636364,0.49,
0.871111111111,0.568115942029,0.568115942029,0.5983436853,0.546313799622,
0.7225,0.528125,0.528125,0.528125,0.5625,
