0.227272727273,0.128571428571,0.128571428571,0.128571428571,0.075,
0.233333333333,0.198412698413,0.126984126984,0.126984126984,0.0401785714286,
0.81,0.0,0.025,0.0,0.16,
0.49,0.0,0.025,0.0,0.16,
0.408333333333,0.0,0.025,0.0,0.16,
0.227272727273,0.128571428571,0.128571428571,0.128571428571,0.075,
0.221719457014,0.0865384615385,0.0865384615385,0.0865384615385,0.0879120879121,
0.145454545455,0.128571428571,0.128571428571,0.128571428571,0.075,
0.862244897959,0.00793650793651,0.291666666667,0.00793650793651,0.304761904762,
0.480769230769,0.0865384615385,0.0865384615385,0.0865384615385,0.0879120879121,
0.25,0.1,0.1,0.1,0.0555555555556,
