0.5625,0.0104166666667,0.3,0.09375,0.340277777778,
0.641025641026,0.148148148148,0.148148148148,0.0104166666667,0.314102564103,
0.528925619835,0.0,0.0113636363636,0.0,0.0681818181818,
0.318181818182,0.0,0.0113636363636,0.0,0.0681818181818,
0.826446280992,0.0727272727273,0.0727272727273,0.0727272727273,0.297520661157,
0.555555555556,0.148148148148,0.148148148148,0.0104166666667,0.314102564103,
0.699300699301,0.207792207792,0.102272727273,0.324675324675,0.251748251748,
0.304761904762,0.0,0.0408163265306,0.0,0.0714285714286,
0.826446280992,0.116883116883,0.116883116883,0.116883116883,0.189393939394,
0.840277777778,0.0104166666667,0.3,0.09375,0.340277777778,
0.544444444444,0.0,0.0740740740741,0.0,0.277777777778,
