0.891975308642,0.717086834734,0.717086834734,0.734693877551,0.487012987013,
0.828157349896,0.812030075188,0.812030075188,0.812030075188,0.781385281385,
0.81,0.630208333333,0.630208333333,0.47265625,0.444852941176,
0.9025,0.4,0.544444444444,0.544444444444,0.64,
0.481605351171,0.320158102767,0.252964426877,0.320158102767,0.219202898551,
0.9025,0.497058823529,0.497058823529,0.497058823529,0.515789473684,
0.9025,0.333333333333,0.403333333333,0.469444444444,0.64,
0.885813148789,0.729797979798,0.729797979798,0.656818181818,0.597107438017,
0.78125,0.717086834734,0.717086834734,0.580498866213,0.641604010025,
0.891975308642,0.891975308642,0.891975308642,0.891975308642,0.891975308642,
0.9025,0.7225,0.9025,0.9025,0.9025,
0.914933837429,0.828157349896,0.5983436853,0.828157349896,0.828157349896,
0.907029478458,0.403361344538,0.473389355742,0.724310776942,0.907029478458,
0.897506925208,0.792569659443,0.792569659443,0.792569659443,0.897506925208,
0.828157349896,0.563909774436,0.214285714286,0.724310776942,0.625541125541,
0.862244897959,0.862244897959,0.862244897959,0.862244897959,0.862244897959,
0.79012345679,0.571428571429,0.571428571429,0.571428571429,0.79012345679,
0.87890625,0.390625,0.6,0.87890625,0.87890625,
0.678200692042,0.235294117647,0.366515837104,0.235294117647,0.523219814241,
0.771428571429,0.54347826087,0.54347826087,0.628260869565,0.370510396975,
0.914933837429,0.847756410256,0.483277591973,0.782544378698,0.782544378698,
0.897506925208,0.792569659443,0.792569659443,0.792569659443,0.897506925208,
0.725651577503,0.653333333333,0.445987654321,0.653333333333,0.725651577503,
0.907029478458,0.907029478458,0.466666666667,0.907029478458,0.907029478458,
0.840277777778,0.840277777778,0.840277777778,0.840277777778,0.840277777778,
0.586805555556,0.234449760766,0.234449760766,0.327935222672,0.542936288089,
0.625,0.489130434783,0.741418764302,0.541806020067,0.463768115942,
0.694444444444,0.625925925926,0.625925925926,0.625925925926,0.552287581699,
0.840277777778,0.408333333333,0.533333333333,0.533333333333,0.444444444444,
0.87890625,0.754464285714,0.754464285714,0.754464285714,0.754464285714,
0.891975308642,0.41156462585,0.275510204082,0.641604010025,0.365800865801,
0.66015625,0.417391304348,0.289855072464,0.654731457801,0.386727688787,
0.87890625,0.717086834734,0.549019607843,0.641604010025,0.625541125541,
0.655328798186,0.391203703704,0.280092592593,0.547348484848,0.481666666667,
0.741418764302,0.292270531401,0.255754475703,0.741418764302,0.505928853755,
0.5625,0.5625,0.5625,0.5625,0.5625,
0.554112554113,0.549019607843,0.549019607843,0.549019607843,0.554112554113,
0.862244897959,0.687719298246,0.505263157895,0.792569659443,0.542936288089,
0.734693877551,0.734693877551,0.734693877551,0.734693877551,0.734693877551,
0.885813148789,0.357142857143,0.357142857143,0.4,0.466666666667,
0.840277777778,0.5625,0.444444444444,0.840277777778,0.840277777778,
0.79012345679,0.233333333333,0.233333333333,0.145833333333,0.261904761905,
0.754464285714,0.630208333333,0.630208333333,0.630208333333,0.754464285714,
0.840277777778,0.548701298701,0.548701298701,0.426767676768,0.444664031621,
0.862244897959,0.76862745098,0.76862745098,0.678200692042,0.678200692042,
0.657894736842,0.366666666667,0.366666666667,0.646464646465,0.349173553719,
0.891975308642,0.604938271605,0.891975308642,0.891975308642,0.891975308642,
0.862244897959,0.687719298246,0.687719298246,0.606811145511,0.542936288089,
0.535714285714,0.423529411765,0.403333333333,0.225,0.275,
0.597107438017,0.305555555556,0.363636363636,0.363636363636,0.597107438017,
0.5625,0.416666666667,0.416666666667,0.416666666667,0.544444444444,
0.745867768595,0.656818181818,0.323529411765,0.581818181818,0.528925619835,
0.891975308642,0.536507936508,0.536507936508,0.473389355742,0.580498866213,
0.841739130435,0.695652173913,0.627826086957,0.841739130435,0.7744,
0.891975308642,0.586805555556,0.680555555556,0.680555555556,0.494152046784,
0.871111111111,0.871111111111,0.871111111111,0.871111111111,0.871111111111,
0.911157024793,0.409090909091,0.34375,0.646464646465,0.911157024793,
0.885813148789,0.885813148789,0.678200692042,0.885813148789,0.885813148789,
0.617346938776,0.505263157895,0.505263157895,0.542936288089,0.542936288089,
0.9216,0.766956521739,0.56347826087,0.766956521739,0.7056,
0.756143667297,0.585812356979,0.347826086957,0.585812356979,0.530020703934,
0.802777777778,0.603571428571,0.603571428571,0.603571428571,0.802777777778,
0.891975308642,0.585812356979,0.292270531401,0.530020703934,0.61247637051,
0.66015625,0.5859375,0.440104166667,0.602083333333,0.426666666667,
0.703125,0.703125,0.703125,0.703125,0.625,
0.9025,0.602352941176,0.461176470588,0.617142857143,0.64,
0.918402777778,0.683712121212,0.613636363636,0.613636363636,0.683712121212,
0.826446280992,0.812030075188,0.812030075188,0.734693877551,0.311688311688,
0.444444444444,0.444444444444,0.444444444444,0.444444444444,0.444444444444,
0.444444444444,0.160714285714,0.160714285714,0.107142857143,0.233333333333,
0.736363636364,0.736363636364,0.736363636364,0.736363636364,0.736363636364,
0.907029478458,0.491228070175,0.491228070175,0.907029478458,0.907029478458,
0.653333333333,0.397647058824,0.397647058824,0.529411764706,0.4096,
0.444444444444,0.2,0.00714285714286,0.2,0.111363636364,
