0.36,0.025,0.0666666666667,0.025,0.0818181818182,
0.145454545455,0.128571428571,0.128571428571,0.128571428571,0.075,
0.297794117647,0.204545454545,0.204545454545,0.204545454545,0.0588235294118,
0.512820512821,0.0989010989011,0.0128205128205,0.0989010989011,0.0461538461538,
0.327272727273,0.025,0.0666666666667,0.025,0.0818181818182,
0.81,0.025,0.0666666666667,0.025,0.0818181818182,
0.81,0.02,0.0571428571429,0.02,0.145454545455,
0.512820512821,0.0989010989011,0.0128205128205,0.0989010989011,0.0461538461538,
0.233333333333,0.142857142857,0.142857142857,0.142857142857,0.021978021978,
0.49,0.025,0.0666666666667,0.025,0.0818181818182,
