1-1-1349-delete:(10, 9, 5);(10, 9, 5);(10, 9, 5)
21-3-1382-221546:(18, 2, 0);(18, 2, 0);(18, 2, 0)
1-2-1335-080859:(17, 0, 0);(16, 4, 1);(16, 4, 1)
1-2-128-181858:(10, 0, 0);(9, 10, 1);(9, 10, 1)
13-1-216-041433-del:(13, 0, 0);(13, 7, 0);(13, 7, 0)
12-1-1367-121805:(18, 0, 2);(18, 0, 2);(18, 0, 2)
1-2-1326-210858:(15, 0, 0);(14, 4, 1);(14, 4, 1)
13-2-358-181838:(20, 0, 2);(20, 0, 2);(20, 0, 2)
1-3-1137-191723:(18, 2, 2);(18, 2, 2);(18, 2, 2)
2-2-1245-161947:(10, 8, 10);(10, 8, 10);(10, 8, 10)
1-3-1385-171556:(15, 0, 0);(14, 4, 1);(14, 4, 1)
21-2-1326-271528:(14, 1, 2);(14, 4, 2);(14, 4, 2)
1-4-1284-311909:(17, 0, 0);(16, 4, 1);(16, 4, 1)
1-1-1245-151941:(12, 5, 6);(12, 8, 6);(12, 8, 6)
1-2-1333-081918:(15, 2, 2);(15, 2, 2);(15, 2, 2)
13-2-1260-210926:(12, 2, 2);(12, 2, 2);(12, 2, 2)
1-3-1402-110913:(13, 6, 2);(13, 6, 2);(13, 6, 2)
12-2-1332-delete:(9, 0, 0);(7, 8, 2);(7, 8, 2)
1-2-1326-071014:(19, 0, 0);(19, 0, 0);(19, 0, 0)
21-3-1137-191114:(22, 3, 4);(22, 3, 4);(22, 3, 4)
1-2-25-141908:(7, 0, 0);(6, 14, 1);(6, 14, 1)
1-2-1326-170712:(14, 6, 4);(14, 6, 4);(14, 6, 4)
23-1-1374-251634-del:(6, 0, 0);(6, 14, 0);(6, 14, 0)
12-3-1303-delete:(14, 1, 2);(12, 9, 4);(12, 9, 4)
12-1-1398-131331:(14, 2, 4);(13, 6, 5);(13, 6, 5)
1-4-1137-221621:(14, 2, 0);(14, 5, 0);(14, 5, 0)
1-2-1303-191533:(19, 1, 2);(19, 1, 2);(19, 1, 2)
1-3-1333-281427:(16, 4, 4);(16, 4, 4);(16, 4, 4)
1-2-1137-081812:(20, 2, 2);(20, 2, 2);(20, 2, 2)
1-2-406-110956:(18, 2, 0);(18, 2, 0);(18, 2, 0)
12-2-1367-181848:(14, 5, 4);(14, 5, 4);(14, 5, 4)
1-2-1303-211438:(17, 2, 2);(17, 2, 2);(17, 2, 2)
1-2-1294-151150:(12, 10, 0);(12, 10, 0);(12, 10, 0)
12-2-1378-131157:(19, 0, 0);(19, 0, 0);(19, 0, 0)
1-1-1239-071145:(19, 2, 2);(19, 2, 2);(19, 2, 2)
12-1-1292-131629:(15, 2, 0);(15, 2, 0);(15, 2, 0)
1-2-406-171707:(18, 0, 0);(17, 4, 1);(17, 4, 1)
13-1-1366-050808:(3, 0, 0);(3, 0, 0);(3, 0, 0)
21-1-1137-111116:(15, 6, 5);(15, 6, 5);(15, 6, 5)
21-2-1382-211939:(16, 3, 4);(16, 3, 4);(16, 3, 4)
1-2-1295-151840:(19, 0, 0);(19, 0, 0);(19, 0, 0)
1-1-25-140908:(16, 6, 4);(16, 6, 4);(16, 6, 4)
1-2-172-180922:(17, 2, 2);(17, 2, 2);(17, 2, 2)
1-2-1234-201424:(16, 3, 5);(16, 3, 5);(16, 3, 5)
13-1-269-230850-del:(3, 0, 0);(3, 0, 0);(3, 0, 0)
1-2-1390-200740:(15, 4, 5);(15, 4, 5);(15, 4, 5)
12-2-1335-170840:(16, 0, 0);(15, 6, 1);(15, 6, 1)
12-2-1333-191402:(9, 10, 8);(9, 10, 8);(9, 10, 8)
12-3-1300-130855:(17, 6, 2);(17, 6, 2);(17, 6, 2)
1-2-1382-071913:(18, 3, 1);(18, 3, 1);(18, 3, 1)
1-3-1382-121750:(17, 5, 5);(17, 5, 5);(17, 5, 5)
21-2-1137-170942:(21, 1, 2);(21, 1, 2);(21, 1, 2)
21-1-871-071148:(17, 3, 4);(17, 3, 4);(17, 3, 4)
2-2-1367-181150:(15, 2, 0);(15, 5, 0);(15, 5, 0)
13-1-358-181615-del:(13, 0, 0);(13, 0, 0);(13, 0, 0)
213-2-355-delete:(17, 0, 0);(17, 0, 0);(17, 0, 0)
13-2-1390-171359:(19, 0, 0);(19, 0, 0);(19, 0, 0)
1-3-1295-211713:(18, 2, 2);(18, 2, 2);(18, 2, 2)
21-2-1137-121735:(22, 0, 0);(22, 0, 0);(22, 0, 0)
1-2-1137-171910:(18, 6, 6);(18, 6, 6);(18, 6, 6)
1-3-1293-091744:(8, 0, 0);(6, 10, 2);(6, 10, 2)
12-2-1367-191410:(8, 10, 9);(7, 14, 10);(7, 14, 10)
1-3-1326-181453:(17, 6, 2);(17, 6, 2);(17, 6, 2)
12-1-1332-delete:(12, 0, 0);(12, 0, 0);(12, 0, 0)
12-1-358-171032:(14, 0, 0);(14, 0, 0);(14, 0, 0)
13-2-1357-211824:(14, 2, 2);(14, 2, 2);(14, 2, 2)
1-4-1264-050925:(20, 0, 0);(20, 0, 0);(20, 0, 0)
21-1-1395-141346:(22, 1, 2);(22, 1, 2);(22, 1, 2)
1-3-1328-111546:(18, 2, 0);(18, 2, 0);(18, 2, 0)
12-2-1398-140835:(14, 6, 7);(14, 6, 7);(14, 6, 7)
1-2-172-111559:(17, 2, 2);(16, 6, 3);(16, 6, 3)
12-3-1334-121429:(21, 5, 2);(21, 5, 2);(21, 5, 2)
12-2-1137-091505:(20, 0, 0);(20, 0, 0);(20, 0, 0)
1-3-1264-161049:(21, 0, 0);(21, 0, 0);(21, 0, 0)
21-1-463-191528:(18, 2, 2);(18, 2, 2);(18, 2, 2)
1-2-1378-131540:(18, 0, 0);(18, 0, 0);(18, 0, 0)
13-1-358-310939-del:(2, 0, 0);(2, 0, 0);(2, 0, 0)
1-2-1313-del:(11, 2, 6);(11, 2, 6);(11, 2, 6)
1-2-172-140828:(17, 0, 0);(16, 4, 1);(16, 4, 1)
21-2-1137-321159:(20, 0, 2);(20, 0, 2);(20, 0, 2)
1-2-1246-111649:(11, 9, 5);(11, 9, 5);(11, 9, 5)
1-1-1303-191559:(18, 0, 0);(18, 0, 0);(18, 0, 0)
1-3-1284-181334:(7, 0, 0);(6, 14, 1);(6, 14, 1)
21-1-1137-121707:(17, 0, 0);(17, 3, 0);(17, 3, 0)
12-3-1378-151601:(17, 4, 2);(17, 4, 2);(17, 4, 2)
13-2-355-valid:(13, 0, 0);(13, 0, 0);(13, 0, 0)
12-2-1335-121232:(10, 4, 2);(9, 12, 3);(9, 12, 3)
13-1-1352-201649-del:(9, 0, 0);(9, 0, 0);(9, 0, 0)
213-2-1352-011759-del:(8, 0, 0);(8, 0, 0);(8, 0, 0)
21-1-1284-191204:(19, 0, 0);(19, 0, 0);(19, 0, 0)
1-2-1390-210849:(23, 4, 2);(23, 4, 2);(23, 4, 2)
1-1-1137-071622:(12, 3, 3);(11, 9, 4);(11, 9, 4)
1-3-1303-131803:(21, 0, 0);(21, 0, 0);(21, 0, 0)
1-2-1367-12-1226:(16, 3, 4);(16, 3, 4);(16, 3, 4)
1-2-1332-131350-del:(15, 0, 0);(15, 0, 0);(15, 0, 0)
1-3-1402-201835:(20, 0, 0);(19, 4, 1);(19, 4, 1)
12-1-1279-100859:(22, 0, 0);(22, 0, 0);(22, 0, 0)
1-1-1382-081615:(19, 0, 0);(19, 0, 0);(19, 0, 0)
1-1-1382-111108:(18, 6, 8);(18, 6, 8);(18, 6, 8)
21-2-1264-091634:(14, 2, 2);(14, 2, 2);(14, 2, 2)
1-1-1137-180850:(19, 0, 0);(19, 0, 0);(19, 0, 0)
1-2-1333-091639:(18, 0, 2);(17, 4, 3);(17, 4, 3)
1-1-1245-151921:(16, 0, 0);(15, 4, 1);(15, 4, 1)
2-2-1247-111910:(14, 2, 2);(14, 2, 2);(14, 2, 2)
21-3-1260-121043:(17, 0, 0);(17, 0, 0);(17, 0, 0)
12-2-1359-081654:(18, 1, 2);(17, 5, 3);(17, 5, 3)
12-2-1328-141838:(22, 0, 0);(21, 4, 1);(21, 4, 1)
121-3-1328-051613:(20, 0, 2);(20, 0, 2);(20, 0, 2)
1-1-1369-131228:(17, 5, 7);(17, 5, 7);(17, 5, 7)
1-2-1295-200726:(18, 0, 0);(18, 0, 0);(18, 0, 0)
1-2-1284-011410:(26, 0, 0);(26, 0, 0);(26, 0, 0)
1-1-1282-101726:(16, 0, 0);(16, 5, 0);(16, 5, 0)
21-3-1246-041830:(19, 1, 4);(19, 1, 4);(19, 1, 4)
1-3-1333-191550:(17, 4, 2);(17, 4, 2);(17, 4, 2)
21-2-1330-210729:(17, 3, 4);(17, 3, 4);(17, 3, 4)
1-2-1333-211131:(23, 3, 3);(23, 3, 3);(23, 3, 3)
21-1-1390-071837:(14, 3, 4);(13, 7, 5);(13, 7, 5)
1-3-1284-211307:(11, 0, 0);(10, 11, 1);(10, 11, 1)
1-2-1137-151241:(16, 4, 0);(16, 4, 0);(16, 4, 0)
13-1-1289-210959:(2, 0, 0);(2, 0, 0);(2, 0, 0)
1-2-25-141858:(14, 6, 6);(14, 6, 6);(14, 6, 6)
1-2-1377-171514:(18, 2, 2);(17, 6, 3);(17, 6, 3)
123-1-1260-delete:(15, 1, 2);(15, 1, 2);(15, 1, 2)
1-3-1384-091506:(15, 0, 0);(14, 7, 1);(14, 7, 1)
1-2-1303-081348:(20, 0, 0);(20, 0, 0);(20, 0, 0)
13-2-119-151735:(11, 0, 0);(11, 0, 0);(11, 0, 0)
1-2-1385-201519:(13, 2, 4);(12, 6, 5);(12, 6, 5)
13-1-358-311906-del:(2, 0, 0);(2, 0, 0);(2, 0, 0)
21-2-398-301417:(12, 1, 2);(11, 10, 3);(11, 10, 3)
13-1-358-030906-del:(12, 0, 0);(12, 0, 0);(12, 0, 0)
12-3-1300-241022:(11, 6, 7);(10, 10, 8);(10, 10, 8)
13-1-1312-031119-del:(3, 0, 0);(3, 0, 0);(3, 0, 0)
13-2-367-270852-del:(10, 2, 2);(9, 15, 3);(9, 15, 3)
13-1-1304-251032-del:(2, 0, 0);(2, 7, 0);(2, 7, 0)
1-1-1264-120917:(21, 3, 3);(21, 3, 3);(21, 3, 3)
1-2-871-141023:(18, 2, 2);(18, 2, 2);(18, 2, 2)
121-2-1328-271329:(13, 3, 3);(12, 7, 4);(12, 7, 4)
12-2-1292-211437:(18, 2, 3);(18, 2, 3);(18, 2, 3)
1-2-1137-111750:(17, 0, 0);(16, 4, 1);(16, 4, 1)
12-3-1300-161216:(18, 2, 2);(18, 5, 2);(18, 5, 2)
1-3-1137-181741:(15, 6, 4);(15, 6, 4);(15, 6, 4)
13-1-1293-151930:(3, 0, 0);(3, 5, 0);(3, 5, 0)
12-1-1328-131029:(14, 0, 0);(13, 7, 1);(13, 7, 1)
12-2-1292-120911:(15, 4, 2);(15, 7, 2);(15, 7, 2)
13-1-269-171345:(1, 0, 0);(1, 3, 0);(1, 3, 0)
21-1-1137-191208:(21, 0, 0);(21, 0, 0);(21, 0, 0)
12-1-1398-121822:(12, 4, 5);(10, 12, 7);(10, 12, 7)
12-2-1335-191421:(15, 2, 2);(15, 2, 2);(15, 2, 2)
12-3-1263-delete:(15, 0, 0);(15, 0, 0);(15, 0, 0)
13-1-1287-291814-del:(3, 0, 0);(3, 0, 0);(3, 0, 0)
12-2-1349-211204:(11, 0, 0);(11, 0, 0);(11, 0, 0)
1-2-1246-151134:(20, 1, 2);(20, 1, 2);(20, 1, 2)
1-1-1402-081046:(20, 2, 2);(20, 2, 2);(20, 2, 2)
13-2-358-valid:(15, 0, 0);(15, 0, 0);(15, 0, 0)
21-3-1137-100930:(17, 4, 0);(16, 8, 1);(16, 8, 1)
21-2-1284-141111:(19, 0, 0);(19, 0, 0);(19, 0, 0)
21-2-1330-211742:(17, 0, 0);(16, 4, 1);(16, 4, 1)
12-2-1395-241419:(20, 2, 2);(20, 5, 2);(20, 5, 2)
12-2-1335-311135:(18, 2, 2);(18, 2, 2);(18, 2, 2)
1-2-1300-141443:(13, 2, 2);(12, 10, 3);(12, 10, 3)
1-2-1137-141549:(17, 5, 5);(17, 5, 5);(17, 5, 5)
1-3-1328-180945:(23, 2, 2);(23, 2, 2);(23, 2, 2)
13-1-1236-050950-del:(2, 0, 0);(2, 7, 0);(2, 7, 0)
1-2-1326-161235:(15, 0, 0);(14, 6, 1);(14, 6, 1)
12-2-1335-201708:(17, 3, 3);(16, 7, 4);(16, 7, 4)
21-2-1284-111005:(18, 4, 0);(18, 4, 0);(18, 4, 0)
1-2-1390-100948:(11, 2, 2);(9, 12, 4);(9, 12, 4)
1-3-1390-071049:(13, 4, 5);(13, 4, 5);(13, 4, 5)
1-2-1282-151849:(20, 0, 0);(20, 0, 0);(20, 0, 0)
12-3-1382-140816:(19, 2, 2);(19, 2, 2);(19, 2, 2)
3-1-358-161837:(1, 0, 0);(1, 3, 0);(1, 3, 0)
12-3-1300-150858:(17, 2, 2);(16, 6, 3);(16, 6, 3)
1-3-1268-091015:(14, 2, 2);(13, 6, 3);(13, 6, 3)
1-3-1284-131851:(19, 2, 2);(19, 2, 2);(19, 2, 2)
13-2-341-260811-del:(3, 0, 0);(3, 0, 0);(3, 0, 0)
12-2-1294-161644:(15, 6, 7);(15, 6, 7);(15, 6, 7)
1-1-1137-120845:(17, 2, 2);(17, 2, 2);(17, 2, 2)
1-3-1333-211224:(9, 9, 7);(9, 9, 7);(9, 9, 7)
21-1-1402-151136:(12, 3, 4);(11, 7, 5);(11, 7, 5)
1-4-1333-010848:(16, 4, 2);(16, 4, 2);(16, 4, 2)
1-3-1137-191303:(18, 2, 2);(18, 2, 2);(18, 2, 2)
1-3-1137-131631:(15, 4, 0);(15, 4, 0);(15, 4, 0)
12-2-1137-191636:(14, 3, 3);(13, 7, 4);(13, 7, 4)
1-1-1330-100737:(16, 2, 2);(16, 2, 2);(16, 2, 2)
12-2-1373-081533:(11, 2, 2);(9, 11, 4);(9, 11, 4)
13-1-358-valid5:(16, 0, 0);(16, 0, 0);(16, 0, 0)
13-1-358-valid3:(13, 0, 0);(13, 0, 0);(13, 0, 0)
13-1-358-valid2:(5, 0, 0);(5, 5, 0);(5, 5, 0)
13-1-358-valid1:(9, 1, 3);(9, 1, 3);(9, 1, 3)
21-1-1137-121651:(17, 4, 5);(17, 4, 5);(17, 4, 5)
12-2-1335-211742:(16, 4, 5);(16, 4, 5);(16, 4, 5)
12-1-1287-201550:(2, 0, 0);(2, 5, 0);(2, 5, 0)
13-2-1347-081649:(18, 2, 2);(18, 2, 2);(18, 2, 2)
12-3-1300-180801:(21, 2, 1);(20, 10, 2);(20, 10, 2)
1-1-1385-150906:(17, 9, 7);(17, 9, 7);(17, 9, 7)
21-1-1382-181526:(17, 3, 4);(17, 3, 4);(17, 3, 4)
21-2-1303-201021:(20, 1, 2);(20, 1, 2);(20, 1, 2)
1-2-1322-del:(5, 3, 2);(5, 3, 2);(5, 3, 2)
12-2-406-120901:(16, 0, 0);(16, 3, 0);(16, 3, 0)
12-2-1300-030845:(13, 0, 0);(13, 5, 0);(13, 5, 0)
1-2-294-100921:(17, 4, 5);(17, 4, 5);(17, 4, 5)
12-1-1292-181310:(19, 2, 0);(19, 2, 0);(19, 2, 0)
1-2-268-111046:(14, 6, 2);(14, 6, 2);(14, 6, 2)
1-3-1137-181715:(15, 0, 0);(14, 6, 1);(14, 6, 1)
13-1-358-valid:(13, 0, 0);(13, 0, 0);(13, 0, 0)
1-2-128-141841:(23, 0, 0);(23, 0, 0);(23, 0, 0)
1-1-1264-201335:(19, 0, 0);(19, 0, 0);(19, 0, 0)
1-3-1333-171206:(13, 0, 0);(12, 4, 1);(12, 4, 1)
12-2-1398-160748:(12, 8, 5);(12, 8, 5);(12, 8, 5)
13-2-358-valid4:(6, 0, 0);(6, 0, 0);(6, 0, 0)
1-1-463-191541:(20, 0, 0);(20, 0, 0);(20, 0, 0)
1-2-1328-141123:(16, 0, 0);(15, 4, 1);(15, 4, 1)
12-1-1335-161601:(19, 1, 2);(19, 1, 2);(19, 1, 2)
21-1-1303-121610:(14, 2, 2);(14, 5, 2);(14, 5, 2)
12-1-1367-100919:(18, 3, 4);(18, 3, 4);(18, 3, 4)
1-3-1384-071008:(20, 3, 4);(20, 3, 4);(20, 3, 4)
1-2-1378-101556:(16, 2, 2);(16, 2, 2);(16, 2, 2)
2-2-1398-201406:(18, 3, 4);(18, 3, 4);(18, 3, 4)
1-2-1303-211803:(19, 0, 0);(18, 4, 1);(18, 4, 1)
1-1-1303-190748:(19, 2, 2);(19, 2, 2);(19, 2, 2)
1-1-1294-090729:(16, 5, 5);(16, 5, 5);(16, 5, 5)
12-2-1247-151057:(15, 1, 2);(15, 1, 2);(15, 1, 2)
1-3-1402-071331:(17, 0, 0);(15, 8, 2);(15, 8, 2)
21-2-1137-211421:(17, 0, 0);(16, 4, 1);(16, 4, 1)
13-2-358-080822:(11, 0, 0);(11, 0, 0);(11, 0, 0)
21-2-1282-201517:(8, 0, 0);(8, 12, 0);(8, 12, 0)
12-2-1332-261459-del:(13, 2, 0);(13, 2, 0);(13, 2, 0)
1-3-1137-101806:(16, 0, 0);(16, 3, 0);(16, 3, 0)
12-2-1279-121515:(11, 0, 0);(10, 11, 1);(10, 11, 1)
1-3-268-111642:(18, 5, 3);(18, 5, 3);(18, 5, 3)
1-2-1246-141102:(18, 2, 2);(18, 2, 2);(18, 2, 2)
1-2-1333-080744:(13, 4, 2);(12, 8, 3);(12, 8, 3)
1-2-1137-300953:(18, 2, 3);(18, 2, 3);(18, 2, 3)
21-1-1384-110720:(14, 5, 7);(14, 5, 7);(14, 5, 7)
13-1-428-191638:(8, 2, 2);(8, 2, 2);(8, 2, 2)
1-1-1390-071714:(17, 2, 2);(17, 2, 2);(17, 2, 2)
13-2-1267-valid:(13, 0, 0);(12, 4, 1);(12, 4, 1)
13-1-184-161507-del:(3, 0, 0);(3, 0, 0);(3, 0, 0)
1-1-1137-111707:(19, 0, 0);(19, 0, 0);(19, 0, 0)
1-2-871-121904:(18, 2, 2);(18, 2, 2);(18, 2, 2)
23-1-1312-301203-del:(4, 1, 2);(4, 1, 2);(4, 1, 2)
1-4-1377-301336:(11, 11, 3);(11, 11, 3);(11, 11, 3)
13-1-1312-valid:(5, 0, 2);(5, 0, 2);(5, 0, 2)
1-4-1137-101506:(19, 0, 0);(18, 6, 1);(18, 6, 1)
12-2-1398-030943:(16, 7, 9);(16, 7, 9);(16, 7, 9)
1-3-1295-221932:(14, 0, 0);(13, 4, 1);(13, 4, 1)
12-2-1294-141922:(15, 3, 2);(14, 7, 3);(14, 7, 3)
12-2-1245-070941:(8, 6, 9);(8, 6, 9);(8, 6, 9)
1-2-1303-150924:(19, 2, 2);(19, 2, 2);(19, 2, 2)
1-3-1382-141358:(17, 0, 0);(17, 3, 0);(17, 3, 0)
1-1-1390-071629:(12, 2, 2);(12, 2, 2);(12, 2, 2)
12-2-1378-151313:(17, 0, 0);(17, 0, 0);(17, 0, 0)
12-2-1376-091252:(13, 0, 0);(12, 6, 1);(12, 6, 1)
1-3-1137-161921:(15, 6, 0);(15, 6, 0);(15, 6, 0)
1-3-1284-081640:(16, 0, 0);(15, 4, 1);(15, 4, 1)
1-2-128-131756:(17, 0, 0);(17, 3, 0);(17, 3, 0)
21-2-1390-201320:(15, 4, 5);(15, 4, 5);(15, 4, 5)
1-1-1137-091528:(15, 4, 5);(15, 4, 5);(15, 4, 5)
1-2-1326-131153:(17, 4, 4);(17, 4, 4);(17, 4, 4)
13-1-358-160813:(12, 0, 0);(12, 0, 0);(12, 0, 0)
1-2-398-191130:(14, 3, 3);(13, 7, 4);(13, 7, 4)
21-3-1137-081122:(16, 2, 2);(15, 6, 3);(15, 6, 3)
1-3-1137-191840:(21, 2, 0);(21, 2, 0);(21, 2, 0)
12-1-1137-101424:(23, 3, 2);(23, 3, 2);(23, 3, 2)
1-2-406-151318:(21, 0, 0);(21, 0, 0);(21, 0, 0)
21-1-1369-141114:(15, 4, 4);(15, 7, 4);(15, 7, 4)
21-2-1264-201705:(15, 4, 4);(15, 4, 4);(15, 4, 4)
13-1-243-valid:(2, 0, 0);(2, 0, 0);(2, 0, 0)
1-2-1384-161823:(19, 2, 2);(19, 2, 2);(19, 2, 2)
1-1-1294-171508:(15, 2, 2);(14, 6, 3);(14, 6, 3)
1-2-1260-091351-del:(17, 3, 3);(17, 3, 3);(17, 3, 3)
1-2-1382-091848:(17, 0, 0);(16, 4, 1);(16, 4, 1)
1-2-1378-181843:(18, 1, 2);(18, 1, 2);(18, 1, 2)
12-2-1382-211339:(22, 2, 0);(22, 2, 0);(22, 2, 0)
213-2-6-231254-del:(17, 0, 0);(17, 0, 0);(17, 0, 0)
1-2-398-191142:(19, 3, 2);(18, 7, 3);(18, 7, 3)
12-1-1398-091035:(14, 6, 5);(13, 10, 6);(13, 10, 6)
1-1-1369-200822:(13, 0, 0);(13, 0, 0);(13, 0, 0)
1-1-1369-154116:(15, 2, 0);(15, 2, 0);(15, 2, 0)
1-3-1137-140909:(16, 0, 0);(15, 4, 1);(15, 4, 1)
1-2-1282-131248:(15, 5, 3);(15, 5, 3);(15, 5, 3)
1-2-1382-201231:(15, 2, 2);(15, 5, 2);(15, 5, 2)
12-2-355-210828:(14, 0, 0);(14, 0, 0);(14, 0, 0)
1-3-1284-171835:(19, 2, 2);(19, 2, 2);(19, 2, 2)
12-1-1243-071252:(4, 4, 3);(4, 4, 3);(4, 4, 3)
21-2-1303-140945:(21, 1, 2);(21, 1, 2);(21, 1, 2)
1-1-1385-130839:(13, 1, 5);(13, 8, 5);(13, 8, 5)
1-3-1326-111507:(20, 2, 2);(19, 6, 3);(19, 6, 3)
12-2-1245-071006:(12, 6, 9);(12, 6, 9);(12, 6, 9)
1-3-235-110909:(20, 0, 0);(20, 0, 0);(20, 0, 0)
12-2-1279-141818:(17, 3, 2);(17, 3, 2);(17, 3, 2)
1-1-463-211620:(17, 4, 2);(17, 4, 2);(17, 4, 2)
21-1-1382-091114:(12, 4, 6);(12, 7, 6);(12, 7, 6)
12-2-1292-240905:(15, 5, 7);(15, 5, 7);(15, 5, 7)
21-1-128-070936:(18, 3, 4);(18, 3, 4);(18, 3, 4)
2-1-1294-141506:(17, 3, 4);(17, 3, 4);(17, 3, 4)
1-2-1303-171027:(21, 0, 0);(21, 0, 0);(21, 0, 0)
1-4-1303-301759:(17, 3, 3);(17, 3, 3);(17, 3, 3)
1-1-1382-141601:(17, 2, 2);(17, 5, 2);(17, 5, 2)
1-1-1137-111454:(22, 0, 0);(22, 0, 0);(22, 0, 0)
12-2-1394-161530:(16, 0, 0);(16, 0, 0);(16, 0, 0)
1-2-463-101834:(17, 4, 3);(17, 4, 3);(17, 4, 3)
1-1-1247-101158-del:(13, 2, 2);(13, 2, 2);(13, 2, 2)
21-1-128-070931:(21, 0, 0);(21, 0, 0);(21, 0, 0)
1-2-1137-161802:(17, 0, 0);(16, 6, 1);(16, 6, 1)
1-1-1369-110743:(16, 0, 0);(16, 0, 0);(16, 0, 0)
12-1-1367-091821:(22, 0, 0);(22, 0, 0);(22, 0, 0)
1-1-1137-141114:(16, 0, 0);(15, 4, 1);(15, 4, 1)
1-3-1385-181555:(11, 4, 4);(11, 7, 4);(11, 7, 4)
21-2-1390-100821:(11, 2, 2);(11, 7, 2);(11, 7, 2)
1-2-1378-121707:(24, 0, 0);(24, 0, 0);(24, 0, 0)
21-1-25-101123:(19, 0, 0);(19, 3, 0);(19, 3, 0)
1-2-1137-211731:(19, 0, 0);(19, 0, 0);(19, 0, 0)
1-2-1137-211730:(17, 2, 0);(17, 2, 0);(17, 2, 0)
12-3-1247-170910:(9, 2, 2);(9, 5, 2);(9, 5, 2)
12-1-1325-delete:(13, 0, 0);(12, 6, 1);(12, 6, 1)
1-3-1333-111843:(13, 0, 0);(13, 5, 0);(13, 5, 0)
12-1-1292-201620:(18, 2, 2);(18, 2, 2);(18, 2, 2)
1-2-1294-190946:(20, 2, 2);(20, 2, 2);(20, 2, 2)
1-1-1137-150950:(20, 0, 0);(20, 0, 0);(20, 0, 0)
12-2-1292-160749:(17, 2, 0);(17, 2, 0);(17, 2, 0)
12-1-25-071442:(9, 11, 4);(9, 11, 4);(9, 11, 4)
1-2-1137-210912:(18, 2, 2);(18, 2, 2);(18, 2, 2)
1-3-1333-101414:(24, 0, 0);(24, 0, 0);(24, 0, 0)
1-3-1402-101214:(16, 3, 6);(16, 3, 6);(16, 3, 6)
12-2-1292-270928:(16, 4, 5);(16, 4, 5);(16, 4, 5)
1-2-871-080922:(21, 0, 2);(21, 0, 2);(21, 0, 2)
1-2-128-211519:(20, 0, 0);(20, 0, 0);(20, 0, 0)
1-3-1333-191936:(17, 0, 0);(17, 3, 0);(17, 3, 0)
12-1-367-110948:(14, 0, 0);(13, 11, 1);(13, 11, 1)
121-1-1395-151247:(17, 2, 3);(17, 2, 3);(17, 2, 3)
1-3-1328-131748:(20, 2, 0);(20, 2, 0);(20, 2, 0)
12-3-1300-110922:(15, 8, 5);(15, 8, 5);(15, 8, 5)
13-1-1301-191617:(2, 0, 0);(2, 7, 0);(2, 7, 0)
12-3-1300-171111:(12, 4, 2);(11, 8, 3);(11, 8, 3)
1-1-1264-081031:(19, 0, 0);(19, 0, 0);(19, 0, 0)
1-3-268-070830:(10, 0, 0);(8, 14, 2);(8, 14, 2)
12-1-1331-121640:(2, 0, 0);(2, 0, 0);(2, 0, 0)
12-3-1335-121540:(27, 0, 0);(27, 0, 0);(27, 0, 0)
1-3-1402-100912:(14, 0, 0);(13, 9, 1);(13, 9, 1)
1-1-1335-181707:(15, 2, 2);(14, 6, 3);(14, 6, 3)
21-3-1284-221927:(19, 3, 3);(19, 3, 3);(19, 3, 3)
13-3-1260-061258-del:(17, 0, 2);(17, 0, 2);(17, 0, 2)
21-3-1264-161956:(23, 2, 2);(23, 5, 2);(23, 5, 2)
1-2-1303-141140:(17, 0, 0);(16, 6, 1);(16, 6, 1)
1-2-1330-130721:(15, 4, 4);(15, 4, 4);(15, 4, 4)
1-2-1282-190858:(19, 0, 0);(18, 4, 1);(18, 4, 1)
13-1-1357-101108:(9, 0, 0);(9, 6, 0);(9, 6, 0)
1-3-1303-151614:(21, 0, 0);(21, 0, 0);(21, 0, 0)
1-3-1384-211952:(19, 2, 2);(19, 2, 2);(19, 2, 2)
13-1-358-301529-del:(13, 0, 0);(13, 0, 0);(13, 0, 0)
1-2-1367-121631:(20, 2, 0);(20, 2, 0);(20, 2, 0)
12-3-1295-161116:(12, 0, 0);(11, 7, 1);(11, 7, 1)
1-2-1377-121012:(13, 2, 2);(12, 11, 3);(12, 11, 3)
1-2-1328-291747:(15, 4, 0);(15, 4, 0);(15, 4, 0)
1-2-1303-161757:(19, 0, 0);(18, 6, 1);(18, 6, 1)
1-1-1246-110920:(19, 0, 0);(19, 0, 0);(19, 0, 0)
12-2-1294-251238:(23, 0, 0);(23, 0, 0);(23, 0, 0)
1-2-25-211751:(20, 0, 0);(19, 4, 1);(19, 4, 1)
12-1-1394-delete:(15, 1, 2);(15, 1, 2);(15, 1, 2)
2-2-1245-210735:(13, 3, 4);(13, 3, 4);(13, 3, 4)
1-2-268-101834:(18, 2, 4);(18, 2, 4);(18, 2, 4)
13-2-367-170921-del:(10, 0, 0);(10, 10, 0);(10, 10, 0)
12-3-1378-100846:(17, 2, 2);(17, 2, 2);(17, 2, 2)
23-2-1293-delete:(2, 0, 0);(2, 0, 0);(2, 0, 0)
1-3-1330-150946:(13, 4, 4);(12, 8, 5);(12, 8, 5)
12-1-1247-delete:(8, 4, 5);(3, 13, 10);(3, 13, 10)
1-3-1382-041427:(16, 3, 5);(16, 3, 5);(16, 3, 5)
12-2-3-131608:(18, 2, 2);(18, 2, 2);(18, 2, 2)
13-1-358-181111:(6, 0, 0);(6, 0, 0);(6, 0, 0)
12-1-1281-delete:(6, 0, 0);(6, 0, 0);(6, 0, 0)
1-2-1336-061315-del:(2, 0, 0);(2, 11, 0);(2, 11, 0)
1-2-1294-131604:(15, 5, 2);(15, 5, 2);(15, 5, 2)
1-1-1369-151511:(11, 0, 0);(11, 0, 0);(11, 0, 0)
21-2-406-191215:(18, 3, 1);(18, 3, 1);(18, 3, 1)
1-2-1382-101540:(20, 0, 0);(20, 0, 0);(20, 0, 0)
12-2-1292-131028:(21, 3, 5);(21, 3, 5);(21, 3, 5)
2-2-1279-200807:(6, 2, 2);(6, 13, 2);(6, 13, 2)
1-2-1137-210957:(21, 0, 4);(21, 0, 4);(21, 0, 4)
21-2-1137-101916:(18, 1, 2);(18, 1, 2);(18, 1, 2)
12-3-1334-251453:(23, 3, 5);(23, 3, 5);(23, 3, 5)
12-3-1335-181124:(18, 1, 2);(18, 4, 2);(18, 4, 2)
1-1-1382-071448:(20, 0, 0);(20, 0, 0);(20, 0, 0)
1-1-1137-181038:(14, 2, 2);(13, 6, 3);(13, 6, 3)
21-3-1344-091417:(16, 0, 0);(16, 0, 0);(16, 0, 0)
