0,华桥路/永莲路,120.5177,31.3992329
1,苏嘉杭高速公路/北环东路,120.647713,31.3356781
2,G312/苏虞张公路,120.585167,31.3408279
3,青年路/蒲庵路,120.583992,31.3316803
4,齐门路/平齐路,120.621483,31.3309956
5,腾珑大道/沈浒路/玲珑街,120.695724,31.3311348
6,凤里街/龙潭路,120.773582,31.3300571
7,聚金路/兴泰路,120.674744,31.4043045
8,星龙街/龙潭路,120.792747,31.3318272
9,大通路/华桥路,120.514053,31.3985596
10,三联街/珠江路,120.526192,31.3370552
11,西环高架路/北环西路/马运路,120.57077,31.3277493
12,星海街/苏虹西路,120.664101,31.3291321
13,采莲路/阳澄湖中路,120.623375,31.3661938
14,渔泾路/唯新路,120.689774,31.3556423
15,广东街/泰山路/鹿山路,120.533691,31.3354797
16,春申湖中路/齐门北大街/春申湖西路,120.612877,31.3794212
17,港浪路/富达路,120.743912,31.3559151
18,凤里街/汀兰巷,120.774132,31.3422298
19,文昌路/鸿福路,120.509865,31.3652401
20,西环高架路/马运路,120.567703,31.327404
21,北园路/百家巷,120.627571,31.32971
22,杏林路/汀兰巷,120.795296,31.3461018
23,金属路/北属路/平北路,120.613655,31.3389511
24,大同路/中心路,120.497772,31.3540459
25,华池街/沈浒路,120.708092,31.3325787
26,腾珑大道/藏珑南路/藏珑北路,120.693153,31.330349
27,沪宁高速公路/葑亭大道,120.677414,31.3490582
28,鹿山路/广东街,120.534538,31.3290844
29,金珠路/珠江路,120.527641,31.3266125
30,道安路/永莲路,120.516479,31.4035969
31,亭和路/晟峰路,120.802521,31.3561554
32,后戴街/亭平路,120.815628,31.3534508
33,珠江路/铜墩街,120.526726,31.3331013
34,上娄路/跨春路,120.712097,31.3482246
35,杨中路/杨清路,120.656563,31.3379803
36,兴太路/金瑞路,120.692368,31.4237003
37,华池街/苏虹中路/苏虹西路,120.707497,31.3368473
38,扬溪路/扬泰路,120.664497,31.3532391
39,瑞华路/葑亭大道,120.700348,31.3486538
40,跨阳公路/葑亭大道,120.683586,31.3430843
41,平北路/西汇路,120.614189,31.3314381
42,浒莲路/永莲路,120.526596,31.3751755
43,安元路/齐门北大街,120.611313,31.39291
44,纪元路/相城大道,120.633514,31.3711185
45,人民路/平四路/平齐路,120.61216,31.3295364
46,渔泾路/蠡塘路,120.693176,31.3494682
47,泾茂路/万源路,120.664223,31.3411903
48,嘉元路/澄风路/澄和路,120.627945,31.3737907
49,星华街/沈浒路,120.762131,31.3403606
50,G312/唯胜路,120.795776,31.3598289
51,新家路/清塘北路/青年路,120.591606,31.3335266
52,人民路/校场桥路,120.613266,31.3271217
53,沪宁高速公路/花莲路,120.603401,31.3506699
54,亭和路/复兴路,120.80928,31.3573112
55,大通路/浒东路,120.514244,31.3940086
56,虎阜路/虎丘路,120.575119,31.3319798
57,芙蓉街/蠡明路,120.61676,31.4020596
58,相城大道/阳澄湖东路/阳澄湖中路,120.634117,31.3673248
59,顺乐路/兴泰路/兴太路,120.687042,31.4170437
60,G312/官渎路,120.622887,31.3446064
61,G312/齐门外大街,120.618423,31.3450089
62,瑞华路/至和西路,120.702057,31.3433056
63,金陵西路/金陵路,120.786835,31.3613338
64,蒲庵路/虎阜路/清塘路,120.583206,31.3345108
65,兴盛路/旺方路,120.586281,31.3965702
66,葑亭大道/宋庄路,120.725899,31.3532429
67,沪宁高速公路/亭和路,120.811707,31.3594265
68,鹿山路/联港路,120.503075,31.3264732
69,扬东路/文苑路,120.658081,31.3430614
70,澄阳路/华元路,120.641731,31.3780308
71,联港路/泰山路,120.50248,31.3340759
72,富元路/澄月路,120.635956,31.4046421
73,康元路/澄云路,120.647781,31.3963985
74,浒杨路/青花路,120.536919,31.3884869
75,凤里街/苏虹东路,120.772507,31.3475132
76,葑亭大道/娄中路,120.69664,31.3472652
77,G312/双马街,120.752129,31.3510036
78,金陵东路/通和路,120.814636,31.367939
79,至和东路/珠泾路/至和西路,120.709854,31.3450851
80,康元路/相城大道,120.627617,31.3996468
81,广登路/芙蓉街,120.616264,31.3980293
82,双阳路/缤特力路,120.660782,31.3534031
83,大同路/内环东路,120.501617,31.3549595
84,长旺路/大通路/警民路,120.510704,31.4060707
85,葑亭大道/瑞丰路,120.702538,31.3496151
86,阳澄湖东路/澄阳路,120.643272,31.3696079
87,扬东路/开源路,120.670944,31.3443432
88,富顿路/润元路,120.625504,31.3564854
89,晨星路/瑞丰路,120.70369,31.3469601
90,北环西路/清塘路,120.595146,31.3287125
91,跨春路/娄东路,120.715881,31.3486862
92,文昌路/G312/长江路,120.527328,31.3505802
93,聚金路/顺乐路,120.678238,31.4189587
94,G312/平北路,120.613579,31.3417931
95,蠡塘路/跨盛路,120.69149,31.3489666
96,港浪路/利达路,120.743309,31.3569202
97,G312/S227,120.633614,31.3440819
98,星丰路/新亭路,120.512657,31.3425846
99,南施街/翠园路,120.728645,31.3266487
100,黄蠡路/苏虞张公路,120.6045,31.4025497
101,星港街/苏虹西路,120.672813,31.3310032
102,G312/沪宁高速公路,120.808067,31.3612099
103,广登路/采莲路,120.619911,31.3977547
104,复兴路/复兴街/亭南路,120.810005,31.3548431
105,葑亭大道/上娄路,120.711716,31.3520451
106,如元路/澄阳路,120.641945,31.4083481
107,沪宁高速公路/渔泾路,120.691498,31.3520412
108,兴泰路/振大路,120.681625,31.407362
109,北环东路/齐门外大街,120.621185,31.3339348
110,北环西路/广济路,120.601295,31.3297386
111,兴方路/永方路,120.582886,31.3938217
112,清塘北路/G312,120.591301,31.3411999
113,中心路/内环北路,120.496201,31.3614883
114,扬东路/沙苑路,120.660995,31.3432026
115,跨欣路/跨南路,120.69091,31.3471546
116,春申湖东路/澄波路,120.65451,31.3857193
117,苏嘉杭高速公路/G312,120.64566,31.3458576
118,G312/港浪路,120.745598,31.3504772
119,长阳街/汀兰巷,120.780449,31.3433666
120,瑞华路/晨星路,120.701469,31.3460598
121,苏慕路/星汗街,120.668297,31.3267651
122,西环路/北环西路,120.572044,31.3276176
123,双灯路/葑亭大道,120.737762,31.3564186
124,阳澄湖中路/齐门北大街/阳澄湖西路,120.616676,31.3654785
125,长和路/警民路,120.503838,31.4073963
126,齐门北大街/蠡中路,120.611504,31.3999481
127,大通路/道安路/牌楼路,120.512741,31.4026489
128,成盛街/沈浒路,120.721375,31.3344002
129,白洋湾大街/自由路,120.556702,31.3374767
130,北环西路/桐泾北路,120.584549,31.3265476
131,渔泾路/唯文路,120.690224,31.3542023
132,苏嘉杭高速公路/阳澄湖东路,120.647545,31.3700123
133,金光路/沪宁高速公路,120.597519,31.3501301
134,嘉元路/齐门北大街,120.615654,31.3720417
135,澄云路/富元路,120.648689,31.4019394
136,扬贤路/和顺路,120.669014,31.3509178
137,长和路/爱民路,120.503975,31.4135303
138,车站路/北环西路,120.608437,31.3304119
139,花莲路/G312,120.604263,31.3427753
140,苏安路/莫邪路,120.63575,31.3309288
141,杨富路/杨明路,120.662971,31.3347549
142,和顺路/扬溪路,120.665001,31.3505936
143,瑞华路/蠡塘路,120.699287,31.3511581
144,旺方路/兴方路,120.586472,31.393959
145,采莲路/安元路,120.619453,31.3928165
146,唯胜路/双库路,120.80072,31.3447704
147,港浪路/春辉路,120.744537,31.354845
148,双阳路/葑亭大道,120.675125,31.3578835
149,汇隆街/跨南路,120.68824,31.3461018
150,苏埭路/黄桥东街,120.576675,31.3812294
151,兴浦路/双库路,120.809212,31.3461666
152,蠡中路/芙蓉街,120.616478,31.3997517
153,双库路/复兴街,120.813034,31.346611
154,澄波路/富元路,120.656189,31.4003792
155,泰元路/澄月路,120.634895,31.4006596
156,黄蠡路/苏埭路,120.57576,31.3982506
157,葑亭大道/娄东路,120.715561,31.3523293
158,星华街/苏虹东路,120.761185,31.3455677
159,苏站路/苏锦路,120.602364,31.3336773
160,G312/高浜路,120.680519,31.3357468
161,扬泰路/扬贤路,120.668655,31.3533916
162,至和东路/宋庄路,120.727386,31.3491764
163,唯胜路/金陵东路/金陵西路,120.79483,31.3628044
164,广登路/相城大道,120.628265,31.3961735
165,大同路/内环西路,120.492455,31.353838
166,泰山路/湘江路,120.508636,31.3343525
167,苏埭路/兴盛路,120.576805,31.39604
168,沪宁高速公路/苏虞张公路,120.585838,31.3501987
169,金泰路/兴太路,120.690331,31.4211121
170,泰山路/朝红路,120.495819,31.3337269
171,跨春路/珠泾路,120.708519,31.3471146
172,南施街/沈浒路,120.728378,31.3353748
173,新星路/G312,120.583786,31.3408813
174,大通路/永安路,120.514618,31.3880959
175,泰元路/澄阳路,120.641525,31.3998356
176,泰山路/珠江路,120.526451,31.3351593
177,方泾路/葑亭大道,120.728722,31.3540001
178,金光路/G312/苏锦路,120.599159,31.342205
179,娄门路/北仓街,120.633423,31.3268566
180,港浪路/金达路,120.741608,31.3597431
181,安元路/相城大道,120.628288,31.3927212
182,S227/相城大道/润元路,120.636406,31.3580856
183,千人街/亭南路/兴浦路,120.806702,31.3541069
184,后戴街/双厍路,120.817474,31.3477268
185,澄星街/华元路,120.646011,31.3785515
186,苏虹东路/星龙街,120.787468,31.3500328
187,永莲路/浒东路,120.51889,31.3948975
188,春申湖中路/澄和路,120.626694,31.3807411
189,跨阳公路/蠡塘路,120.682747,31.3472557
190,北环东路/G312,120.649086,31.3354321
191,春申湖西路/永方路/黄桥东街,120.585228,31.37887
192,葑亭路/双径街,120.75309,31.3618355
193,如元路/澄云路,120.650414,31.4054031
194,白洋湾大街/西环高架路,120.543655,31.3498192
195,杨明路/G312,120.663597,31.3322144
196,渔泾路/至和西路,120.696838,31.3420982
197,葑亭大道/双马街/葑亭路,120.749641,31.3605881
198,元启路/如元路,120.629936,31.4105301
199,春申湖中路/春申湖东路/相城大道,120.631111,31.3814373
200,杨清路/G312,120.649269,31.3348598
201,蠡明路/澄帆路,120.615715,31.4021111
202,澄和路/华元路,120.627571,31.3759441
203,东环路/东北街,120.641418,31.3286591
204,双阳路/扬溪路,120.664215,31.3547935
205,宋庄路/春辉路,120.726875,31.3504944
206,G312/珠泾路,120.71096,31.3421688
207,东汇路/东江路,120.625168,31.3330193
208,蠡口大街/齐门北大街,120.612114,31.4032478
209,泾园路/扬东路,120.652184,31.3428764
210,沪宁高速公路/齐门北大街,120.618744,31.3511181
211,联港路/前桥路,120.501358,31.3384838
212,元启路/富元路,120.630264,31.4058056
213,浒莲路/青花路,120.540649,31.3792305
214,中心路/内环南路,120.498444,31.3495045
215,浒泾路/永莲路,120.52314,31.3802834
216,归家巷/星龙街,120.79071,31.338789
217,G312/齐门北大街,120.619865,31.3473454
218,鹿山路/塔园路,120.546509,31.3293934
219,G312/扬东路,120.648521,31.3427563
220,汇隆街/至和西路,120.690598,31.3407326
221,兴浦路/亭平路,120.807487,31.3516064
222,双阳路/亭翔街,120.679977,31.3587017
223,葑亭大道/莲心路,120.704285,31.3503895
224,沪宁高速公路/龙埝路,120.522072,31.4194374
225,蠡塘路/娄中路,120.695213,31.3500538
226,扬泰路/葑亭大道,120.67617,31.3537827
227,蠡塘路/高浜街,120.684418,31.347517
228,星丰路/星宇路,120.511772,31.3479042
229,浒莲路/安杨路,120.529388,31.3763523
230,G312/西环高架路,120.549881,31.3571701
231,苏虹中路/苏虹西路/玲珑街,120.694862,31.3344135
232,浒泾路/青莲路,120.532867,31.3828983
233,星明街/苏虹西路,120.655197,31.3272762
234,杨清路/杨明路,120.662254,31.3379116
235,南施街/苏虹中路,120.728027,31.3404541
236,G312/通和路,120.816879,31.3620663
237,永青路/苏埭路,120.57618,31.379385
238,葑亭大道/丰和路,120.734772,31.355608
239,金枫路/鹿山路,120.51992,31.327858
240,蠡塘路/跨欣路,120.690231,31.3485603
241,旺盛路/兴方路,120.560387,31.3879948
242,G312/虎阜路,120.581245,31.340765
243,钟园路/星龙街,120.794037,31.3274899
244,民晶路/富临路,120.635231,31.4241753
245,黄蠡路/齐门北大街,120.611824,31.4021492
246,太阳路/澄阳路,120.641914,31.411953
247,浒杨路/大通路,120.516777,31.3832264
248,长旺路/龙安路,120.510239,31.4238529
249,葑亭大道/珠泾路,120.705765,31.3510494
250,津梁街/翠园路,120.736115,31.3273792
251,双阳路/扬和路,120.671623,31.3571854
252,牌楼路/浒东路,120.508087,31.3928375
253,民乐路/富临路,120.629822,31.4255466
254,永方路/兴盛路,120.582764,31.3964634
255,联港路/塘西路,120.499237,31.3445816
256,洋庄路/新亭路,120.509819,31.3424339
257,港浪路/葑亭大道,120.742592,31.35812
258,星龙街/汀兰巷,120.788918,31.3449306
259,长平路/安民路,120.496109,31.4222126
260,金陵东路/四方路,120.807724,31.3659458
261,洋庄路/星宇路,120.516235,31.3443851
262,长亭路/新亭路,120.520508,31.3434124
263,娄门路/莫邪路,120.636269,31.327034
264,金枫路/三联街,120.518761,31.3367195
265,依福路/相城大道,120.629028,31.3863678
266,苏站路/平北路,120.613594,31.3355122
267,富元路/中创路,120.632919,31.4051342
268,万盛街/成盛街,120.721832,31.3280106
269,兴浦路/强胜路,120.815041,31.3299942
270,上高路/北环东路/东环路,120.636024,31.335556
271,玲珑街/翠园路,120.69593,31.3273411
272,苏虞张公路/金星路,120.586174,31.353159
273,东江路/莫邪路,120.626862,31.3333683
274,齐门北大街/S227,120.625397,31.4179554
275,方桥路/春秋路,120.558006,31.4185486
276,嵩山路/联港路,120.500923,31.3398705
277,民乐路/富苏路,120.630096,31.4263039
278,永方路/兴旺路/兴方路/兴旺路,120.583191,31.3890514
279,春秋路/太阳路/苏埭路,120.568298,31.4145031
280,太阳路/齐门北大街,120.613319,31.41366
281,金星路/沪宁高速公路,120.586479,31.3503075
282,前桥路/湘江路,120.507935,31.3388958
283,苏阳路/春秋路,120.565994,31.4155846
284,苏埭路/兴方路,120.576836,31.3881187
285,泾茂路/沙苑路,120.661163,31.3411121
286,杨华路/杨豪路,120.661179,31.3363323
287,嘉元路/相城大道,120.633003,31.3745365
288,渔泾路/跨南路,120.693726,31.3482361
289,星宇路/新亭路,120.516289,31.3429604
290,杨清路/杨豪路,120.660919,31.3379478
291,瑞丰路/蠡塘路,120.701675,31.3516369
292,新莲路/金星路,120.586609,31.347641
293,依福路/澄阳路,120.639908,31.3880596
294,钟南街/沈浒路,120.751175,31.3388519
295,康元路/澄月路,120.634583,31.3986835
296,唯胜路/亭南路,120.798409,31.3520622
297,太阳路/相城大道,120.625366,31.41325
298,和顺路/缤特力路,120.661385,31.3503094
299,北园路/普福寺路,120.6306,31.3294392
300,春申湖东路/澄阳路,120.640717,31.3835545
301,虎丘西路/虎丘路,120.574593,31.3338432
302,星丰路/嵩山路,120.512764,31.3406506
303,泰元路/相城大道,120.627274,31.4015522
304,齐门北大街/华元路,120.615295,31.3740463
305,浒杨路/青莲路,120.531372,31.387043
306,凤鸣街/苏虹中路,120.68663,31.3330898
307,星汗街/苏虹西路,120.667534,31.3298931
308,扬泰路/扬和路,120.672478,31.3536301
309,相城大道/如元路,120.625633,31.4112968
310,采莲路/华元路,120.62204,31.3750973
311,晨星路/珠泾路,120.707458,31.3486462
312,和顺路/葑亭大道/唯文路,120.676643,31.3520012
313,星丰路/洋庄路,120.512566,31.344286
314,玉航路/中创路,120.633743,31.4115868
315,G312/城北西路,120.549889,31.356638
316,晟峰路/亭南路,120.803421,31.3532753
317,广登路/齐门北大街,120.611404,31.3983517
318,港浪路/宝达路,120.742004,31.3590794
319,浒杨路/安杨路,120.525909,31.3856544
320,德顺路/春申湖东路,120.6362,31.3826084
321,沪宁高速公路/港浪路,120.74057,31.3616352
322,扬东路/万源路,120.664078,31.3433361
323,G312/娄门路,120.654236,31.3309956
324,百合街/苏虹西路,120.660538,31.3283901
325,长旺路/龙埝路,120.511391,31.4178562
326,齐门北大街/相城大道,120.62487,31.4167156
327,新莲路/花莲路,120.603622,31.3486004
328,至和西路/娄中路,120.698959,31.3425903
329,蠡塘路/汇隆街,120.687416,31.3478336
330,华桥路/青花路,120.529961,31.4016552
331,嘉元路/澄阳路,120.641991,31.3757877
332,浦田路/通和路,120.815727,31.3651562
333,苏嘉杭高速公路/沪宁高速公路,120.645988,31.3443298
334,金陵西路/金埂路,120.784988,31.3610458
335,浒杨路/永莲路,120.521744,31.3845844
336,玲珑街/藏珑南路,120.695892,31.3286514
337,金泰路/聚金路,120.679893,31.4242306
338,苏埭路/永方路,120.585167,31.3769817
339,鸿禧路/联港路,120.498886,31.347002
340,苏虹中路/苏虹东路/星塘街,120.739418,31.3424091
341,钟园路/青丘街,120.800713,31.3281326
342,北环东路/平北路,120.614655,31.3326721
343,内环北路/内环东路,120.499794,31.3618641
344,山塘街/新塘路,120.577393,31.3338661
345,金裕路/兴泰路,120.683388,31.4120197
346,归家巷/杏林路,120.797096,31.3399525
347,长阳街/钟园路,120.784958,31.3266277
348,高浜路/葑亭大道,120.679428,31.3424263
349,杨富路/杨豪路,120.661499,31.3344173
350,沈浒路/星塘街,120.739418,31.337244
351,嵩山路/湘江路,120.507721,31.3403645
352,春申湖西路/苏虞张公路,120.593063,31.3785381
353,金陵东路/沪宁高速公路,120.802963,31.3641262
354,澄风路/纪元路,120.628662,31.3706417
355,长阳街/龙潭路,120.784683,31.3310719
356,至和东路/跨春路,120.71946,31.3472996
357,振大路/聚金路,120.675537,31.408371
358,唯胜路/亭平路,120.799011,31.349678
359,汇隆街/葑亭大道,120.689117,31.3443241
360,兴旺路/旺方路,120.586899,31.3892212
361,苏埭路/金星路,120.586037,31.3544235
362,万源路/唐庄路,120.663933,31.3450947
363,千人街/亭和路,120.805962,31.3567142
364,清塘路/青年路/清塘北路,120.589966,31.3320522
365,北环东路/齐门路,120.621735,31.334137
366,安元路/澄帆路,120.615303,31.3928432
367,归家巷/长阳街,120.783363,31.3374481
368,浒墅北路/浒新街,120.507347,31.3829231
369,鸿禧路/星丰路,120.510864,31.3499336
370,金枫路/铜墩街,120.519264,31.3327618
371,苏嘉杭高速公路/娄门路,120.64933,31.3293037
372,上高路/S227,120.63398,31.3436012
373,运新路/新亭路,120.523872,31.344326
374,聚金路/金裕路,120.67643,31.4129887
375,春申湖中路/采莲路,120.621101,31.3802223
376,长阳街/苏虹东路,120.779091,31.348608
377,四方路/浦田路,120.808678,31.3635464
378,齐门路/西汇路,120.621597,31.3323402
379,北园路/齐门路,120.621582,31.3297577
380,新亭路/珠江路,120.525406,31.3448849
381,文昌路/兴贤路,120.504402,31.3707142
382,长江路/鹿山路,120.540894,31.3293858
383,春申湖东路/澄星街,120.644844,31.3841934
384,苏埭路/朝阳街,120.576813,31.3829632
385,嵩山路/长江路,120.537003,31.3413715
386,澄阳路/鑫太路,120.642471,31.4128628
387,富元路/平康路,120.627655,31.4063339
388,高浜街/跨南路,120.684814,31.3456898
389,富元路/相城大道,120.626457,31.4064865
390,采莲路/建元路,120.619751,31.3845844
391,嘉元路/采莲路,120.62207,31.3729019
392,北环东路/东环路,120.636444,31.3347721
393,娄门路/东北街,120.640915,31.3276024
394,苏埭路/西环高架路,120.585854,31.3637486
395,杨华路/杨中路,120.656975,31.3357792
396,新莲路/金光路,120.5979,31.3482933
397,G312/虎丘西路,120.566269,31.3416042
398,钟南街/苏虹东路,120.751007,31.3440838
399,齐门路/东汇路,120.621689,31.3323326
400,高浜街/葑亭大道,120.685402,31.3433533
401,朝红路/旺米街,120.495964,31.3314648
402,湘江路/鹿山路,120.509766,31.3270569
403,双阳路/扬贤路,120.667969,31.3562012
404,金陵路/葑亭路,120.773354,31.3651409
405,金枫路/嵩山路,120.518204,31.3409519
406,星湖街/苏虹中路,120.714813,31.3381557
407,龙安路/长和路,120.504173,31.4238987
408,富元路/澄阳路,120.642082,31.4032269
409,虎阜路/山塘街,120.578232,31.333189
410,嵩山路/珠江路,120.525688,31.340992
411,春申湖中路/澄帆路,120.616158,31.3796349
412,康元路/澄波路,120.655197,31.3949509
413,沪宁高速公路/S227,120.635887,31.3535957
414,东环路/娄门路,120.641769,31.3277111
415,运新路/长亭路,120.522614,31.3469086
416,杨清路/扬清路,120.665184,31.3377666
417,G312/金埂路,120.7855,31.357933
418,相城大道/华元路,120.632652,31.3767052
419,虎丘路/北环西路,120.575302,31.3270855
420,建元路/齐门北大街,120.61116,31.3838444
421,中创路/如元路,120.633545,31.4099522
422,塘西路/鸿禧路,120.502617,31.3474045
423,葑亭大道/扬东路,120.678337,31.3459167
424,沪宁高速公路/西环高架路,120.561119,31.3638134
425,虎丘路/普福路,120.575302,31.3301125
426,相城大道/建元路,120.629524,31.384594
427,泰元路/澄云路,120.648201,31.3990154
428,唯胜路/强胜路,120.806221,31.3276405
429,鑫太路/开泰路,120.667961,31.4054146
430,亭平路/复兴街,120.810959,31.3523903
431,东环路/苏安路,120.639229,31.3314114
432,黄蠡路/永方路,120.581802,31.4002342
433,上高路/官渎路,120.635307,31.3384628
434,苏嘉杭高速公路/华元路,120.653305,31.3792267
435,唐庄路/开源路,120.670532,31.3457928
436,双灯路/春辉路,120.739494,31.3533916
437,富顿路/齐门北大街,120.617622,31.3553848
438,杏林路/苏虹东路,120.793938,31.3510036
439,苏虞张公路/阳澄湖西路,120.587181,31.3637962
440,爱民路/长旺路,120.512108,31.4129467
441,金枫路/泰山路,120.519005,31.3348026
442,和顺路/扬和路,120.672829,31.3514328
443,蠡塘河路/澄云路,120.646866,31.3905926
444,珠泾路/晨阳路,120.706825,31.3495789
445,浒泾路/安杨路,120.527008,31.3817253
446,澄阳路/蠡塘河路,120.639977,31.3919201
447,金枫路/新亭路,120.517929,31.3431625
448,跨盛路/跨南路,120.692162,31.3476696
449,蠡明路/齐门北大街,120.611877,31.4023037
450,G312/白洋湾大街,120.537102,31.356823
451,万盛街/翠园路,120.722015,31.3259411
452,康元路/澄阳路,120.641129,31.397686
453,广登路/澄帆路,120.615211,31.3980808
454,长和路/北津东路,120.501801,31.3889179
455,太阳路/苏虞张公路,120.607155,31.4148159
456,晨阳路/瑞丰路,120.703262,31.3479176
457,牌楼路/华桥路,120.509377,31.3976669
458,永莲路/永安路,120.520386,31.3895245
459,内环东路/内环南路,120.503174,31.3496876
460,澄波路/蠡塘河路,120.654175,31.3891983
461,渔泾路/葑亭大道,120.694633,31.3464756
462,浒莲路/青莲路,120.534737,31.3777065
463,星湖街/沈浒路,120.71537,31.3334751
464,春申湖东路/澄云路,120.646317,31.3844223
465,唯文路/亭翔街,120.681534,31.3529034
466,留园路/广济路,120.595207,31.3169975
467,三香路/桐泾南路,120.587997,31.3001137
468,珠江路/鹿山路,120.527679,31.3263741
469,南环高架路/滨河路,120.572083,31.2706509
470,马涧路/联港路,120.503578,31.3199081
471,金山路/金枫路,120.524284,31.2967091
472,马运路/滨河路/浩福路,120.555138,31.3210659
473,塔园路/御风路,120.547287,31.3230553
474,汇通路/马运路,120.549812,31.3209648
475,金枫路/马运路,120.521286,31.3184872
476,华山路/中运路,120.513344,31.3131599
477,时进路/灵山路,120.500702,31.2286701
478,安仁场路/仁安场路,120.58812,31.3202705
479,灵岩街/黄埔街,120.563316,31.2864532
480,中山西路/翠坊北路/中山东路/金山路,120.513229,31.257225
481,金门路/彩香路,120.588165,31.3109589
482,中运路/马运路,120.512657,31.317522
483,上供路/古村路,120.492653,31.2373142
484,长江路/何山路,120.542427,31.3081799
485,珠江路/竹园路,120.532524,31.2794971
486,枫江路/沈巷路,120.531151,31.2686405
487,吴越路/幸福街,120.579445,31.27244
488,永和路/滨河路,120.566978,31.2882099
489,金枫路/金珠路,120.520203,31.3258629
490,华山路/华枫路,120.510574,31.3128967
491,塔园路/向阳路,120.55661,31.275507
492,景山路/塔园路,120.547806,31.3188477
493,枫桥路/新元路,120.572563,31.3138866
494,金山路/滨河路,120.56279,31.2998409
495,金珠路/珠江南路,120.535698,31.248167
496,中山东路/新华路,120.521645,31.25811
497,湘江路/开山路/渔洋街,120.514938,31.2915173
498,何山路/珠江路,120.530449,31.307394
499,苏福路/长江路,120.549896,31.2610245
500,金门路/北许巷,120.583084,31.3102493
501,珠江路/向阳路,120.53273,31.2742805
502,长江路/枫桥大街,120.542534,31.3116093
503,金门路/新元路,120.573204,31.3097019
504,上塘街/阊胥路/西中市,120.599251,31.3168507
505,长江路/马运路,120.541153,31.3202515
506,湘江路/马涧路,120.510773,31.3204994
507,塔园路/华山路,120.548271,31.3157253
508,珠江路/景山路,120.529167,31.3168545
509,三香路/双虹路,120.585861,31.2997017
510,何山路/金门路,120.566498,31.3093491
511,桐泾北路/桐泾南路/干将西路,120.587074,31.3053074
512,木桥街/西木合街,120.516403,31.3101845
513,珠江路/枫江路,120.533264,31.2687702
514,希文路/旅思街,120.586517,31.2259464
515,翠坊北路/翠坊南路/中市街/东街,120.513313,31.2517796
516,金桥路/汲水路,120.519447,31.2369041
517,金枫路/金枫南路/站苏路,120.525436,31.2463017
518,灵天路/竹园路,120.501953,31.2735462
519,站苏路/翠坊南路,120.514206,31.2454166
520,兴隆路/马运路,120.509789,31.3171539
521,横山路/黄埔街,120.56501,31.2797642
522,渔洋街/紫金路,120.519943,31.2912979
523,金枫路/玉山路,120.524887,31.2856312
524,木桥街/金枫路,120.522217,31.3108234
525,灵天路/S230/孙武路,120.500427,31.2571659
526,金桥路/灵山路/吉祥路,120.500565,31.2348232
527,何山路/金枫路,120.522736,31.3068638
528,桐泾北路/半边街,120.584938,31.3178005
529,干将西路/广济南路,120.596977,31.306303
530,中山街/东街,120.519051,31.2524891
531,竹园路/汾湖路,120.540932,31.2805882
532,金庄街/金枫路,120.523743,31.3004627
533,滨河路/金横路,120.572388,31.2753677
534,西环高架路/南环西路,120.590614,31.2754784
535,劳动路/双元路,120.585396,31.2922764
536,福星路/南环东路/南环西路,120.596947,31.278883
537,合利街/马运路,120.514023,31.3176861
538,东欣路/古村路,120.489594,31.237133
539,金山路/珠江路,120.531921,31.2968426
540,上供路/孙武路,120.492874,31.2516403
541,吴越路/宝带西路,120.583473,31.265522
542,建林路/鹿山路/太湖大道,120.489349,31.3248615
543,新胥路/东欣路,120.489334,31.2397194
544,桐泾北路/金门路,120.586227,31.3105621
545,干将西路/银泰路,120.581734,31.3047409
546,淮海街/玉山路,120.558067,31.2903214
547,朝红路/马涧路,120.496628,31.3178978
548,滨河路/玉山路,120.56559,31.2913132
549,马涧路/中运北路,120.512283,31.3205681
550,宝带西路/红新路,120.591644,31.2667427
551,湘江路/木桥街,120.512451,31.309742
552,西环高架路/解放西路,120.587906,31.2781677
553,西园弄/留园路/桐泾北路,120.58522,31.3164272
554,中山东路/沿湖路,120.54277,31.2602997
555,丹枫路/凯马大街,120.540207,31.2573452
556,滨河路/华山路,120.557365,31.3165894
557,桐泾北路/西园路,120.584694,31.318779
558,滨河路/金屋路,120.572151,31.2762814
559,三香路/狮山路,120.572914,31.298151
560,中山东路/苏福路,120.544937,31.2602539
561,珠江路/玉山路,120.53231,31.2859688
562,桐泾南路/福星路/解放东路/解放西路,120.595497,31.281044
563,南环西路/解放西路/福运路,120.586784,31.2740459
564,创业路/苏福路,120.546425,31.2602482
565,枫桥大街/塔园路,120.548759,31.3116875
566,爱河桥路/广济南路,120.596497,31.310236
567,西环高架路/西环路,120.579132,31.2873592
568,三香路/馨泓路,120.578972,31.299017
569,石路步行街/阊胥路,120.59903,31.3151207
570,滨河路/竹园路,120.568283,31.2852058
571,新胥路/上供路,120.492973,31.241951
572,桐泾北路/仁安场路,120.58445,31.3201046
573,金屋路/鑫苑路,120.574425,31.2765656
574,广济路/石路步行街/广济南路,120.595909,31.3147697
575,朝红路/华山路,120.496742,31.3126755
576,阊胥路/广济路,120.598167,31.3232632
577,金枫南路/香溪东路,120.52742,31.2555943
578,钟塔路/孙庄路/孙庄东路,120.521408,31.2337627
579,湘江路/金庄街,120.513939,31.2993698
580,金山路/湘江路,120.514328,31.2969227
581,木桥街/中运路,120.513817,31.3098984
582,淮海街/淮海路,120.557114,31.2973232
583,长江路/横山路,120.547661,31.2781563
584,珠江路/渔洋街,120.532143,31.2912979
585,金山路/向阳路,120.51339,31.2710762
586,虎丘路/硕房庄路,120.57634,31.3256817
587,向阳路/灵天路,120.503235,31.270525
588,解放东路/友新路,120.599319,31.2823963
589,滨河路/何山路,120.56041,31.3084126
590,南环高架路/解放西路,120.587715,31.2779732
591,紫金路/玉山路,120.520866,31.2857361
592,金枫南路/金珠路,120.527695,31.2491055
593,翠坊南路/南山路,120.514008,31.2476826
594,竹园路/金枫路,120.525223,31.2785892
595,金门路/银泰路,120.580948,31.3102016
596,珠江路/木桥街,120.529854,31.311636
597,西环高架路/劳动路,120.579178,31.2872505
598,珠江路/华山路,120.529434,31.3144951
599,桐泾北路/虎丘路,120.584419,31.319849
600,灵山路/古村路,120.500008,31.237915
601,西环路/三香路,120.574226,31.2984142
602,湘江路/何山路,120.513039,31.3059349
603,桐泾南路/胥江路,120.594345,31.287735
604,翠坊南路/金桥路,120.51535,31.236557
605,劳动路/电厂路,120.598427,31.2970276
606,宝带西路/福运路,120.587944,31.2661018
607,羡园街/明清街/香溪西路,120.504898,31.2561607
608,上供路/吉祥路,120.492241,31.2340736
609,西环高架路/竹园路,120.579033,31.2871666
610,中山东路/梅林路,120.516243,31.2574158
611,塔园路/玉山路,120.554749,31.2900848
612,鑫苑路/金横路,120.574455,31.2755013
613,何山路/华枫路,120.511597,31.3058128
614,向阳路/火炬路,120.560005,31.2757416
615,苏福路/晋源路/铁师路,120.567986,31.2641602
616,烽火路/三香路,120.594345,31.3010273
617,长江路/邓蔚路,120.544327,31.3013248
618,西环路/解放西路,120.587608,31.2778492
619,中山东路/金枫南路,120.526939,31.2582321
620,东欣路/吉祥路,120.4897,31.2338409
621,南环高架路/福星路,120.596924,31.2789135
622,桐泾南路/劳动路,120.589523,31.2936668
623,吴越路/科华路,120.584343,31.2612534
624,长江路/景山路,120.541382,31.3181515
625,金山路/紫金路,120.519035,31.2966022
626,运河路/金山路,120.566772,31.2994308
627,苏福路/火炬路,120.562088,31.2638187
628,伍员路/旅思街,120.583969,31.2263241
629,劳动路/床单路,120.581436,31.2889366
630,西园路/硕房庄路,120.572861,31.3177986
631,金门路/石路步行街,120.597694,31.3127308
632,枫江路/金枫路,120.52597,31.2683239
633,中山西路/香溪西路,120.503983,31.2587738
634,竹园路/塔园路,120.555511,31.2830772
635,长江路/竹园路,120.546303,31.2826366
636,三香路/络香路,120.576202,31.2986526
637,孙庄路/汲水路,120.518211,31.2334309
638,穹灵路/S230,120.499306,31.2567959
639,丹枫路/珠江南路,120.535278,31.2561111
640,珠江路/银珠路,120.528297,31.322382
641,钟塔路/金桥路,120.521454,31.2370815
642,广济南路/金门路,120.596161,31.3129539
643,中山西路/明清街,120.505714,31.2583294
644,双虹路/劳动路,120.586479,31.2929096
645,何山路/塔园路,120.549606,31.3086357
646,马运路/塔园路,120.547554,31.3209305
647,金山路/长江路,120.544762,31.2975559
648,干将西路/谈家南巷,120.598396,31.3064575
649,木桥街/东木合街,120.519226,31.3104877
650,中山东路/中山街,120.526268,31.2581863
651,御风路/汇通路,120.549652,31.3234634
652,玉山路/黄埔街,120.562462,31.2906857
653,劳动西路/桐泾南路,120.588318,31.297617
654,金门路/阊胥路,120.599342,31.3129044
655,明清街/香溪西路,120.505432,31.255724
656,长江路/向阳路,120.548889,31.2751369
657,宝带西路/友新高架,120.598732,31.2674789
658,长江路/狮山路,120.545059,31.2947769
659,长江路/枫江路,120.549446,31.2698822
660,玻纤路/桐泾北路,120.584129,31.3239422
661,中山东路/凯马大街,120.539848,31.2600422
662,黄埔街/永和路,120.563072,31.2876301
663,湘江路/马运路,120.511368,31.3173485
664,三香弄/三香路,120.599358,31.3017578
665,新华路/向阳路,120.520264,31.271431
666,长江路/华山路,120.541832,31.315649
667,枫桥路/广济路,120.595566,31.315546
668,南环高架路/友新高架,120.586571,31.2742004
669,广达路/御风路,120.552124,31.3236694
670,向阳路/汾湖路,120.541573,31.2747574
671,友新高架/解放西路,120.587807,31.2779503
672,运河路/狮山路,120.5681,31.2964821
673,灵岩街/塔园路,120.555206,31.2858124
674,邓蔚路/塔园路,120.552505,31.3019733
675,干将西路/西环高架路/西环路,120.572937,31.3035545
676,淮海街/灵岩街,120.558449,31.2862339
677,滨河路/横山路,120.570511,31.2802582
678,玻纤路/虎丘路,120.580872,31.3238506
679,滨河路/邓蔚路,120.561958,31.3027287
680,西环路/新庄西路,120.569435,31.3209763
681,中山东路/珠江南路/珠江路,120.534576,31.2588463
682,南环高架路/南环西路,120.587448,31.2745419
683,玉山路/长江路,120.545296,31.28825
684,西环路/马运路,120.563118,31.3251705
685,翠坊南路/东窑路,120.513573,31.2503147
686,友新高架/南环西路,120.59053,31.2753239
687,枫桥路/金门路,120.592422,31.3116589
688,金枫路/渔洋街,120.524612,31.2913437
689,金门路/虹桥路,120.590363,31.3114395
690,金门路/金石街,120.595131,31.3121891
691,苏福路/青石路,120.564423,31.2640438
692,晋源路/南环高架路,120.570313,31.2676945
693,华山路/西木合街,120.516052,31.3133945
694,东欣路/时进路,120.489471,31.2278252
695,南环高架路/西环高架路,120.590012,31.2760773
696,广达路/马运路,120.552452,31.3210125
697,枫桥大街/拥军路,120.560097,31.313158
698,金枫路/金桥路,120.524239,31.2372932
699,香溪西路/香溪东路/翠坊北路,120.513298,31.2545414
700,时进路/翠坊南路,120.516121,31.2301922
701,金枫路/孙庄东路,120.524223,31.2340527
702,广济路/上塘街,120.59552,31.3160915
703,合利街/马涧路,120.51358,31.3207016
704,干将西路/馨泓路,120.57814,31.304287
705,沿湖路/枫江路,120.541931,31.2694912
706,珠江路/枫桥大街,120.530075,31.3100395
707,金门路/爱河桥路,120.597374,31.3126812
708,黄埔街/竹园路,120.563805,31.2844563
709,中山街/香溪东路,120.526543,31.2554855
710,滨河路/灵岩街,120.567513,31.2869987
711,彩香路/虹桥路,120.589127,31.3064308
712,枫桥大街/滨河路,120.559227,31.312973
713,孙庄路/翠坊南路,120.515747,31.2332439
714,朝红路/鹿山路,120.496399,31.3258705
715,枫桥路/西环路,120.570366,31.3135357
716,桐泾北路/枫桥路,120.585464,31.3151493
717,干将西路/烽火路,120.593628,31.3059788
718,金门路/馨泓路,120.578064,31.3100243
719,华山路/东木合街,120.518814,31.3136063
720,灵天路/中山西路,120.502388,31.2591515
721,运河路/玉山路,120.570061,31.2924862
722,华山路/金枫路,120.521965,31.3138828
723,马运路/珠江路,120.528778,31.3192062
724,西街/中市街,120.511269,31.2513943
725,干将西路/彩香路,120.589249,31.3055286
726,合利街/华山路,120.514847,31.3132877
727,桐泾北路/虹桥路,120.586937,31.3062096
728,青石路/向阳路,120.562485,31.2759171
729,马涧路/兴隆路,120.509308,31.3204613
730,西环高架路/枫桥路,120.570206,31.3135147
731,西环路/双元路,120.576057,31.2925072
732,狮山路/塔园路,120.553589,31.2952862
733,塔园路/横山路,120.55603,31.2786331
734,中山东路/沈巷路,120.53186,31.2586403
735,新胥路/西街,120.493156,31.2420712
736,枫桥路/上塘街,120.591766,31.3157082
737,彩香路/三香路,120.589867,31.3004436
738,汾湖路/玉山路,120.540497,31.286377
739,西环高架路/金门路,120.571289,31.3095245
740,金山路/塔园路,120.553062,31.2986336
741,滨河路/狮山路,120.563881,31.295929
742,西环高架路/友新高架,120.591034,31.2750721
743,湘江路/华山路,120.511978,31.3130341
744,横山路/青石路,120.561958,31.2793484
745,竹园路/新华路,120.519554,31.2780285
746,枫江路/创业路,120.54583,31.2697678
747,淮海路/金山路,120.556252,31.2989635
748,福运路/友新高架,120.599281,31.262579
749,狮山路/淮海街,120.557602,31.2955189
750,站苏路/钟塔路,120.521019,31.2459908
751,西环路/西园路,120.57003,31.3176155
752,狮林寺巷/临顿路,120.62355,31.3223743
753,东大街/洋环路,120.614433,31.2962399
754,谢衙前/皮市街/装驾桥巷,120.619675,31.3215408
755,石湖西路/友新高架,120.599487,31.2550125
756,景德路/南新路/金门路/长船湾,120.601898,31.3129234
757,临顿路/凤凰街,120.626083,31.3116379
758,郭新西路/吴东路,120.654564,31.2523937
759,新市路/盘胥路/胥江路,120.607506,31.2925339
760,汤家巷/东中市/阊门西街/西中市,120.606331,31.3182774
761,凤凰街/定慧寺巷,120.627838,31.3086033
762,司前街/南采莲巷,120.613228,31.3011055
763,南门路/南园南路,120.632622,31.2904949
764,新市路/竹辉路/人民路,120.6203,31.294548
765,刘家浜/吴趋坊,120.606697,31.3129578
766,长春巷/养育巷/古吴路,120.611885,31.3099327
767,西北街/桃花坞大街/人民路,120.61541,31.3233833
768,南湖路/东湖路,120.626923,31.2331772
769,宫巷/蔡汇河头,120.622383,31.3124065
770,闾邱坊巷/史家巷/皮市街,120.62027,31.3182049
771,大王家巷/蒋庙前/皮市街,120.619446,31.3225079
772,苏绣路/星都街,120.661507,31.3190117
773,学士街/古吴路,120.607201,31.3094807
774,苏茜路/星明街,120.658409,31.310667
775,东吴北路/文曲路,120.624702,31.2668476
776,人民路/东中市,120.61599,31.3207188
777,东环路/东振路,120.650711,31.2951622
778,东振路/文和路,120.666267,31.2929344
779,白塔西路/临顿路/白塔东路,120.62394,31.32057
780,宫巷/太监弄/观前街步行区,120.622269,31.3131351
781,干将东路/邵磨针巷,120.620049,31.3093834
782,东大街/新桥巷,120.61409,31.2973671
783,石湖西路/盘蠡路,120.611084,31.2552853
784,临顿路/东北街/齐门路/西北街,120.622887,31.324892
785,汤家巷/西百花巷,120.607018,31.3134327
786,东小桥弄/十梓街,120.630707,31.3048935
787,东进路/东吴南路,120.644859,31.2379189
788,学士街/剪金桥巷/吉庆街/道前街,120.608368,31.3025951
789,友新路/友新高架/越湖路,120.607826,31.2321968
790,苏雅路/星兰街,120.659393,31.3173561
791,环府路/南摆宴街/通园路,120.661461,31.2891102
792,机场路/星州街,120.677277,31.2983246
793,南环高架路/南环东路/南园南路/迎春路,120.633606,31.2832794
794,柳巷/庙堂巷/养育巷,120.612549,31.3059444
795,南环东路/盘蠡路/盘胥路,120.609024,31.2806988
796,东环高架路/葑谊路,120.650963,31.2911205
797,东苑路/月苑街,120.626862,31.2729568
798,中街路/曹家巷/宋仙洲巷,120.610161,31.3175716
799,星海街/苏华路,120.666588,31.3175488
800,柳巷/大石头巷/西美巷,120.614677,31.3061829
801,迎春南路/阳山路,120.641457,31.241106
802,枫津南路/东吴南路/枫津路,120.632912,31.2393589
803,孔付司巷/带城桥下塘,120.633003,31.303175
804,星州街/星港街,120.676033,31.3161793
805,张思良巷/十全街,120.62043,31.3008099
806,星原街/苏雅路,120.667824,31.3187122
807,桃花坞大街/宝城桥街/阊门西街/桃花桥路,120.605736,31.3212891
808,宫巷/富仁坊巷,120.622543,31.3114529
809,独墅湖大道/冬青路,120.642929,31.2841644
810,月苑街/月浜街,120.631302,31.2730446
811,月浜街/县前街,120.631355,31.2717953
812,干将东路/平江路,120.630661,31.3113747
813,步行街/左岸商业街,120.668327,31.316143
814,机场路/独墅湖路/星港街,120.673599,31.2985382
815,吴中东路/月浜街,120.631058,31.2746983
816,友新路/福星路,120.599625,31.2762299
817,通园路/企鸿路,120.662323,31.2838058
818,苏雅路/星桂街,120.664162,31.3180943
819,苏绣路/星兰街,120.659103,31.3186417
820,星明街/中新路,120.656219,31.3159599
821,文曲路/夏莲路,120.638893,31.2675877
822,迎春路/文曲路,120.635544,31.2674122
823,盘蠡路/太湖西路,120.610481,31.2626419
824,南园北路/竹辉路/南石皮弄,120.631622,31.2958145
825,人民路/道前街,120.618729,31.3046284
826,水香街/吴中西路,120.61657,31.2746944
827,东兴路/宏业路,120.658623,31.2808628
828,带城桥路/带城桥下塘/凤凰街/滚绣坊,120.628357,31.3015652
829,东百花巷/王天井巷,120.613312,31.3145447
830,苏嘉杭高速公路/马村路,120.663818,31.2572727
831,中街路/西百花巷/东百花巷,120.610893,31.314146
832,清塘路/桃花桥路/平四路,120.604836,31.3255749
833,通园路/东振路,120.660484,31.2945919
834,南摆宴街/文翠路/文萃路,120.657837,31.2890644
835,东方大道/郭新西路,120.701096,31.2499905
836,观前街步行区/临顿路,120.625587,31.3136044
837,盘胥路/阊胥路,120.60463,31.3006439
838,苏嘉杭高速公路/葑南街,120.654938,31.2885685
839,平桥直街/滚绣坊,120.623154,31.3012867
840,东湖路/兴南路,120.627548,31.229496
841,带城桥路/竹辉路,120.628563,31.2955837
842,东环路/日规路,120.642715,31.3238583
843,文曲路/冬青路,120.64637,31.2682304
844,星海街/苏惠路,120.667015,31.3154144
845,西大街/新桥巷,120.609695,31.2966118
846,草桥弄路/五卅路,120.622223,31.3087101
847,宏业路/群星三路,120.66098,31.2686005
848,南湖路/枫津南路,120.632973,31.2331791
849,人民路/闾邱坊巷,120.616333,31.3175583
850,龙西路/南环东路,120.611557,31.2806892
851,西二路/人民路,120.620583,31.2921238
852,通园路/北摆宴街/环府路,120.661041,31.2913532
853,人民路/敬文里,120.615646,31.3225708
854,施林巷/景德路/汤家巷,120.607193,31.3120785
855,侍其巷/东大街/司前街/书院巷,120.613564,31.2995949
856,尹新路/郭新南路,120.668869,31.2409267
857,王天井巷/曹家巷/砂皮巷,120.613121,31.3179092
858,道前街/三香路,120.607124,31.3025036
859,宝尹路/天灵路,120.646828,31.2474041
860,星兰街/苏华路,120.659592,31.3163986
861,景德路/永定寺弄/王天井巷,120.613579,31.3129616
862,干将西路/施林巷,120.608055,31.3074379
863,景德路/学士街/吴趋坊,120.606865,31.3120193
864,友新路/南环高架路,120.599449,31.2794285
865,澄湖中路/澄湖东路/迎春南路,120.640984,31.2435894
866,临顿路/大儒巷,120.625351,31.3145256
867,星海街/苏桐路,120.667542,31.3049679
868,宝带东路/宝带西路/东吴北路,120.624168,31.269577
869,师惠坊商业街/星都街,120.66272,31.3133259
870,五卅路/民治路,120.62236,31.3057919
871,旺墩路/钟园路/华池街,120.709152,31.3207989
872,尹中路/彩虹路/郭新西路/姜庄路,120.660347,31.2517986
873,独墅湖大道/通园路,120.662193,31.2857361
874,星海街/红枫路,120.667549,31.3005428
875,娄门路/普福寺路,120.630775,31.3263817
876,五卅路/十梓街/平桥直街,120.622704,31.303894
877,解放东路/长吴路,120.603973,31.2839718
878,吉由巷/邵磨针巷/调丰路,120.619835,31.3101902
879,东吴南路/石湖东路/石湖西路,120.625214,31.255003
880,西美巷/道前街,120.615166,31.3033009
881,盘蠡路/城西街,120.60955,31.2758408
882,养育巷/司前街/道前街,120.612968,31.3030834
883,北摆宴街/文翠路/文萃路,120.657578,31.2912426
884,迎春南路/天灵路,120.640228,31.2473679
885,旧学前/皮市街/因果巷,120.620651,31.3161373
886,星明街/苏月路,120.656563,31.3200626
887,东环路/中新路/干将东路,120.645386,31.3144455
888,星港街/苏雅路,120.675606,31.3200874
889,西大街/新市路,120.610229,31.2930431
890,苏嘉杭高速公路/郭新南路,120.672623,31.2302799
891,景德路/中街路/养育巷,120.611244,31.3126965
892,富仁坊巷/邵磨针巷,120.619614,31.3108788
893,人民路/南环东路/东吴北路,120.622139,31.2821331
894,通达路/郭新南路,120.669548,31.2536526
895,金鸡湖路/星明街,120.658592,31.3082581
896,长吴路/吴中西路,120.604622,31.2739716
897,梵门桥弄/学士街,120.607018,31.310873
898,双桥路/兴南路,120.648758,31.2291698
899,平桥直街/十全街/乌鹊桥路,120.623192,31.300972
900,独墅湖大道/东环高架路,120.649529,31.2864037
901,莫邪路/杨枝塘路,120.642921,31.2921085
902,尹中南路/吴东路,120.65992,31.2349377
903,东振路/苏嘉杭高速公路,120.654404,31.295145
904,西二路/兴业路,120.618576,31.2918739
905,新市路/东大街,120.614891,31.2938595
906,苏嘉杭高速公路/东方大道,120.659866,31.2661419
907,县前街/月苑街,120.629158,31.2716618
908,郭新西路/郭新南路,120.667068,31.2509556
909,星红路/东兴路/通园路,120.662704,31.2812538
910,凤凰街/孔付司巷,120.628212,31.3027573
911,司前街/西善长巷,120.613045,31.3026314
912,人民路/装驾桥巷,120.615982,31.320797
913,人民路/干将西路,120.618057,31.3087025
914,人民路/祥福寺巷/砂皮巷,120.616257,31.3182354
915,星汗街/星汉街,120.668915,31.3239613
916,观前街/皮市街,120.621124,31.3136425
917,长兴街/龙西路,120.61441,31.2660694
918,宝带东路/丹桂路,120.641937,31.2704334
919,邵塔里路/谷盛路,120.658012,31.2539845
920,海棠街/苏桐路,120.663239,31.304924
921,星原街/左岸商业街/苏华路,120.668022,31.3177605
922,永定寺弄/宜多宾巷,120.613998,31.3109188
923,星港街/苏绣路,120.674355,31.3227406
924,东进路/郭新南路,120.667725,31.2446461
925,东吴北路/西塘北巷,120.622986,31.277998
926,湄长路/南环高架路,120.632072,31.2828484
927,星汉街/苏华路,120.670044,31.3180904
928,百家巷/平江路/娄门路/东北街,120.627632,31.3259029
929,东环路/一斗山路,120.642715,31.3251076
930,清塘路/广济路,120.599495,31.3256779
931,干将西路/庆元坊,120.616272,31.3085938
932,丹桂路/冬青路,120.642616,31.2651272
933,湄长路/吴中东路,120.633835,31.2748737
934,县前街/东苑路,120.627106,31.2715263
935,西中市/南新路,120.601204,31.3173599
936,通园路/葑南街,120.661896,31.2867661
937,杨枝塘路/东环高架路,120.649742,31.2912998
938,友新路/太湖西路,120.600098,31.2638855
939,干将西路/养育巷,120.612206,31.3080025
940,民丰路/尹中南路,120.660713,31.2270546
941,长兴街/水香街,120.617203,31.2662735
942,通达路/马村路,120.669724,31.2566967
943,西花桥巷/皮市街/祥福寺巷,120.620247,31.3189754
944,临顿路/旧学前,120.62484,31.316761
945,阊胥路/马路一区东,120.601563,31.3072681
946,郭新西路/邵塔里路,120.657761,31.2519054
947,人民路/书院巷,120.619247,31.3012295
948,叶家弄/定慧寺巷,120.63102,31.3086586
949,淮阳路/爱河桥路/阊胥路,120.599922,31.3106842
950,史家巷/曹胡徐巷/临顿路,120.624275,31.3188572
951,尹中路/东进路,120.662178,31.2433109
952,兴业路/新市路,120.618179,31.2942638
953,锦帆路/十梓街,120.620308,31.3038616
954,西大街/学士街/吉庆街/侍其巷,120.609283,31.2990952
955,苏惠路/左岸商业街,120.668419,31.3156395
956,永定寺弄/长春巷,120.614159,31.3101578
957,友新路/宝带西路,120.599892,31.2677155
958,东吴南路/广建路,120.625328,31.251255
959,星汉街/步行街/苏雅路,120.669868,31.3190403
960,夏莲路/太湖东路/冬青路,120.639206,31.2648964
961,吴中东路/东苑路,120.626518,31.2745876
962,宫巷/干将东路,120.622856,31.3099251
963,东振路/独墅湖路,120.671066,31.2908039
964,锦帆路/通关坊,120.61985,31.3066597
965,大井巷/人民路,120.617538,31.3114376
966,干将东路/望星街北堍,120.63031,31.3110771
967,独墅湖大道/东环路,120.649986,31.2883205
968,幽兰巷/花街巷/西美巷,120.614532,31.3071442
969,迎春南路/石湖东路,120.639252,31.2524414
970,苏惠路/星明街,120.656929,31.3138161
971,南湖路/迎春南路,120.642159,31.2330589
972,龙西路/吴中西路,120.612846,31.274828
973,金鸡湖路/海棠街,120.663269,31.3082142
974,通园路/机场路,120.660461,31.2989101
975,苏苑街/东苑路,120.625969,31.2766705
976,景德路/淮阳路,120.603058,31.3113518
977,东中市/王天井巷,120.612999,31.3191566
978,宝尹路/东进路,120.646751,31.2385941
979,人民路/嘉馀坊,120.617653,31.3105907
980,马村路/吴东路,120.652657,31.2571583
981,枫津路/澄湖路,120.632706,31.243763
982,星港街/苏惠路,120.675911,31.3149242
983,通关坊/大石头巷/人民路,120.618431,31.3065567
984,临顿路/甫桥下塘,120.627319,31.3092194
985,马村路/通畅路,120.672478,31.2565804
986,苏茜路/星都街,120.663284,31.3105488
987,东环路/金鸡湖路/庄先湾路,120.647255,31.3078651
988,东环路/葑谊路/杨枝塘路,120.650635,31.2913074
989,干将东路/莫邪路,120.638329,31.3129425
990,人民路/十全街,120.619446,31.2997303
991,机场路/星海街,120.667343,31.298418
992,盘胥路/泰南路,120.606583,31.2950249
993,冬青路/宝带东路,120.64563,31.2708397
994,高和路/独墅湖路,120.672966,31.2952061
995,龙西路/太湖西路,120.614655,31.2634029
996,吴东路/东方大道,120.650429,31.2655945
997,白云街/枫津路,120.631905,31.2597733
998,长船湾/淮阳路,120.602165,31.3111305
999,文曲路/丹桂路,120.642349,31.2677422
1000,人民路/景德路,120.616966,31.3140316
1001,皮市街/乔司空巷,120.620827,31.3152847
1002,花园街/碧波街,120.62661,31.258997
1003,东中市/中街路,120.610023,31.3187332
1004,盘蠡路/吴中西路,120.609756,31.274519
1005,观前街/临顿路,120.62545,31.3141117
1006,越湖路/邵昂路,120.61731,31.2327423
1007,星港街/水坊路,120.674065,31.3021069
1008,枫津路/天灵路,120.632469,31.2475033
1009,星港街/金鸡湖路,120.674896,31.3081932
1010,苏嘉杭高速公路/东兴路,120.655876,31.2803669
1011,迎春南路/东吴南路,120.642029,31.2382526
1012,人民路/干将东路,120.618118,31.3089733
1013,机场路/星波街,120.681908,31.2980537
1014,龙西路/先奇街,120.613258,31.2718658
1015,通达路/斜港路,120.669884,31.2640228
1016,星明街/苏桐路,120.658516,31.3049831
1017,花园街/石湖东路,120.62677,31.2549572
1018,花街巷/养育巷/富郎中巷,120.612389,31.3069115
1019,邵磨针巷/北局,120.619453,31.3120098
1020,星原街/苏绣路,120.667511,31.3199196
1021,临顿路/蒋庙前/潘懦巷,120.623184,31.3237724
1022,东二路/人民路,120.620682,31.2921333
1023,水香街/太湖西路,120.617279,31.263628
1024,施林巷/古吴路,120.60762,31.3095188
1025,水香街/先奇街,120.616821,31.2720909
1026,带城桥路/十全街,120.628365,31.301218
1027,东环路/东港桥,120.643311,31.3230267
1028,苏绣路/星桂街,120.663895,31.3193645
1029,干将西路/西美巷,120.61425,31.3082943
1030,星都街/苏华路,120.66198,31.3167686
1031,相王路/竹辉路,120.63649,31.2961712
1032,苏嘉杭高速公路/葑谊路,120.654724,31.2906075
1033,吉庆街/胥门路,120.608978,31.3008785
1034,平桥直街/长洲路,120.623177,31.3013954
1035,凤凰街/民治路,120.628067,31.3063545
1036,莫邪路/庄先湾路,120.640198,31.3060493
1037,人民路/沧浪亭街,120.619865,31.2973633
1038,越湖路/北溪江路,120.600067,31.2271252
1039,南环高架路/龙西路,120.611565,31.2806435
1040,尹山路/郭新南路,120.666977,31.2481022
1041,群星一路/宏业路,120.659988,31.2747726
1042,西中市/吴趋坊,120.605904,31.3181705
1043,叶家弄/干将东路,120.629974,31.3111515
1044,文和路/葑春街,120.666405,31.2902164
1045,师惠坊商业街/星海街,120.66732,31.3139896
1046,星都街/苏惠路,120.662445,31.3147106
1047,中街路/包衙前,120.610497,31.3158894
1048,白塔西路/皮市街,120.620056,31.3201523
1049,相王路/十全街,120.635681,31.3016853
1050,马路一区东/南浩街,120.602997,31.308012
1051,西塘北巷/兴达路,120.61657,31.2775784
1052,临顿路/颜家巷,120.625923,31.3121986
1053,尹丰北路/尹中南路,120.659966,31.2315731
1054,汤家巷/包衙前,120.606728,31.315155
1055,凤凰街/醋库巷,120.628204,31.3035355
1056,通达路/林家潭路,120.669762,31.2590275
1057,通达路/郭新西路,120.669464,31.2508602
1058,人民路/米仓巷,120.618553,31.3057041
1059,星阳街/步行街,120.671234,31.319376
1060,西北街/皮市街,120.61908,31.3241043
1061,东环高架路/机场路,120.65387,31.2988892
1062,机场路/星明街,120.658531,31.2989464
1063,天灵路/东吴南路,120.625397,31.2476215
1064,月浜街/太湖东路,120.632179,31.2645435
1065,谢衙前/临顿路,120.623573,31.3222523
1066,星阳街/苏绣路,120.67099,31.320467
1067,盘蠡路/蠡墅新街,120.611397,31.2397194
1068,文翠路/葑谊路,120.657715,31.2902145
1069,苏惠路/星兰街,120.660027,31.3143482
1070,姜庄路/马村路,120.659714,31.2578812
1071,嘉馀坊/庆元坊/长春巷,120.615753,31.3103867
1072,翠园路/观枫街,120.699944,31.3251057
1073,东环路/葑门路,120.648689,31.3027458
1074,干将西路/剪金桥巷,120.60807,31.307169
1075,南门路/冬青路,120.639572,31.2905121
1076,苏嘉杭高速公路/吴东路,120.663864,31.2325954
1077,燕家巷/十全街/吏舍弄,120.622261,31.3009033
1078,东吴北路/吴中东路/吴中西路,120.623466,31.2746964
1079,人民路/大王家巷,120.615814,31.3217564
1080,学士街/胥门路,120.608681,31.300827
1081,人民路/观前街,120.617203,31.3131504
1082,葑南街/东环高架路,120.650719,31.2899036
1083,澄湖中路/宝丰路,120.637413,31.2437382
1084,十梓街/望星街北堍,120.633331,31.3051052
1085,西北街/公管弄,120.620033,31.324297
1086,西中市/阊门横街,120.602333,31.3176212
1087,阊胥路/谈家巷,120.600899,31.3080826
1088,锦帆路/干将东路,120.619606,31.3090134
1089,专渚巷/西中市,120.601891,31.3175621
1090,旺吴路/盘蠡路,120.611031,31.2574215
1091,东大街/西二路,120.615143,31.2914658
1092,吉庆街/西善长巷,120.608772,31.3021545
1093,米仓巷/西美巷,120.61483,31.3053055
1094,宫巷/颜家巷,120.622505,31.3116837
1095,石湖西路/友新路,120.60009,31.2551899
1096,人民路/桃花坞大街,120.614868,31.3248615
1097,劳动路/劳动西路,120.599876,31.2991505
1098,兴南路/迎春南路,120.642067,31.229248
1099,莫邪路/南门路,120.639999,31.29039
1100,友新路/吴中西路,120.599594,31.2732754
1101,吴东路/东环高架路,120.647919,31.2769814
1102,长洲路/吏舍弄,120.622261,31.3013115
1103,龙西路/城西街,120.612602,31.2762566
1104,星海街/苏慕路,120.664703,31.3261147
1105,月浜街/宝带东路,120.631493,31.2700214
1106,龙西路/兴达路,120.612549,31.2765961
1107,葑春街/环府路,120.663475,31.2901936
1108,大井巷/邵磨针巷,120.619522,31.3116646
1109,宫巷/观前街,120.622131,31.3137741
1110,临顿路/慕薛巷,120.624565,31.3176193
1111,苏惠路/星桂街,120.664772,31.3150768
1112,盘胥路/解放东路,120.60817,31.2852898
1113,通园路/东方大道,120.665161,31.2664146
1114,苏苑街/冬青路,120.643867,31.2784729
1115,日规路/莫邪路,120.637466,31.3229103
1116,越湖路/南湖路,120.624016,31.2332726
1117,人民路/盘门路,120.621048,31.2891636
1118,宝带西路/龙西路,120.61367,31.2690945
1119,人民路/吉由巷,120.617943,31.3097878
1120,瓣莲巷/养育巷,120.612732,31.3047752
1121,姜庄路/谷香路,120.660263,31.2525482
1122,金鸡湖路/星州街,120.679138,31.3081837
1123,宋仙洲巷/汤家巷,120.606522,31.3169785
1124,金鸡湖路/星汉街,120.67128,31.3082218
1125,星阳街/苏华路,120.671448,31.3183384
1126,钮家巷/临顿路,120.625885,31.3124142
1127,东环路/葑南街,120.650658,31.2899361
1128,东振路/文萃路,120.65731,31.2949543
1129,干将西路/阊胥路,120.601784,31.3068237
1130,张思良巷/马济良巷,120.620377,31.3010101
1131,尹丰北路/民丰路,120.672386,31.2285786
1132,三香路/劳动路,120.601067,31.3020267
1133,迎春南路/太湖东路,120.635918,31.2646313
1134,凤凰街/十梓街,120.628143,31.3045063
1135,苏惠路/星汉街,120.67057,31.3159752
1136,人民路/马济良巷,120.619293,31.3009377
1137,华池街/翠园路,120.708618,31.3244114
1138,桃花坞大街/中街路,120.608459,31.3219185
1139,群星路/通园路,120.663048,31.2778072
1140,盘蠡路/宝带西路,120.61026,31.2691193
1141,宝带东路/夏莲路,120.638458,31.2700138
1142,定慧寺巷/望星街北堍,120.631294,31.308691
1143,道前街/十梓街/人民路,120.618896,31.3037663
1144,新门路/太湖西路,120.618851,31.2636318
1145,星海街/苏绣路,120.666077,31.3197002
1146,吉庆街/寿宁弄,120.609108,31.3001251
1147,白塔西路/东中市,120.616112,31.3194809
1148,民治路/甫桥下塘,120.62748,31.3063164
1149,十全街/书院巷,120.619362,31.3002834
1150,白榆路/星明街,120.658478,31.3006973
1151,莫邪路/葑门路,120.640869,31.3015957
1152,湄长路/苏苑街,120.63343,31.2771149
1153,水香街/宝带西路,120.617218,31.269228
1154,独墅湖大道/苏嘉杭高速公路,120.655319,31.2849083
1155,干将东路/五卅路,120.621994,31.3097553
1156,干将东路/凤凰街,120.627609,31.310667
1157,莫邪路/冬青路,120.640022,31.2904835
1158,苏嘉杭高速公路/苏虹西路,120.650002,31.3262691
1159,南门路/南园北路,120.632698,31.2905884
1160,通园路/群星三路,120.664673,31.2689228
1161,东吴南路/宝丰路,120.637337,31.2388306
1162,高和路/星州街,120.677444,31.2947884
1163,越湖路/盘蠡路,120.611557,31.2324696
1164,宝带东路/迎春路,120.635117,31.2700634
1165,人民路/因果巷,120.616623,31.3155365
1166,邵塔里路/谷香路,120.65786,31.2528152
1167,干将西路/学士街,120.607559,31.3073673
1168,长兴街/东吴北路,120.624756,31.2665005
1169,碧波街/商住街,120.629875,31.2587776
1170,苏绣路/星汉街,120.669601,31.3202419
1171,东小桥弄/孔付司巷,120.630844,31.3030205
1172,枫津路/碧波街,120.631905,31.2577915
1173,尹中路/尹山路,120.661018,31.2478752
1174,天薇巷/竹辉路,120.630501,31.2957306
1175,干将东路/临顿路,120.626366,31.3104877
1176,蔡家浜路/谷盛路,120.656799,31.2540874
1177,迎春南路/白云街,120.63694,31.2598152
1178,兴南路/枫津南路,120.632858,31.2293968
1179,通畅路/林家潭路,120.672607,31.2590542
1180,人民路/宜多宾巷,120.617432,31.3114262
1181,枫津南路/南港路,120.632881,31.2355461
1182,太湖东路/迎春路,120.63591,31.2647457
1183,东吴南路/澄湖路,120.625465,31.244112
1184,南环东路/友新路,120.599449,31.279398
1185,东环高架路/东环路,120.649971,31.2993011
1186,水坊路/星州街,120.677452,31.3022213
1187,吴中东路/迎春路,120.634491,31.2748871
1188,月浜街/文曲路,120.631783,31.2673416
1189,东环路/新苏桥,120.64592,31.3125954
1190,金狮河沿/书院巷,120.616333,31.29986
1191,星海街/金鸡湖路,120.66761,31.3082104
1192,苏嘉杭高速公路/郭新西路,120.666847,31.2508965
1193,东吴北路/东苑路,120.623161,31.2774677
1194,蔡家浜路/谷香路,120.656654,31.2529392
1195,南湖路/双桥路,120.648827,31.2329655
1196,东苑路/宝带东路,120.627365,31.2697697
1197,人民路/白塔西路,120.616219,31.3185349
1198,东吴南路/越湖路,120.626862,31.2407837
1199,谷盛路/姜庄路,120.660179,31.2537842
1200,东苑路/文曲路,120.627708,31.2671299
1201,乌鹊桥路/竹辉路,120.624344,31.2951317
1202,唐家巷/望星街北堍,120.630692,31.3100643
1203,星都街/苏雅路,120.661774,31.3177433
1204,人民路/新市路,120.620186,31.2953625
1205,枫津路/石湖东路,120.632042,31.2551918
1206,旺吴路/友新路,120.600235,31.2572365
1207,星海街/苏雅路,120.666374,31.3184395
1208,东吴北路/苏苑街,120.623245,31.2764893
1209,苏慕路/百合街,120.661201,31.3254814
1210,人民路/富仁坊巷,120.61776,31.310585
1211,高和路/星波街,120.681725,31.2948647
1212,碧波街/商中街,120.629036,31.2589836
1213,苏雅路/星阳街,120.671486,31.319416
1214,南环东路/长吴路,120.604492,31.2801228
1215,星桂街/苏华路,120.664352,31.3171673
1216,尹中路/尹新路,120.663063,31.2400475
1217,枫津路/广建路,120.632393,31.2511444
1218,苏茜路/星海街,120.66774,31.3105888
1219,澄湖东路/宝尹路,120.646751,31.2434845
1220,盘胥路/盘门路,120.608521,31.2881641
1221,东吴南路/碧波街,120.625122,31.2589684
1222,苏慕路/星明街,120.655746,31.3244877
1223,南门路/人民路,120.621147,31.2891712
1224,东吴北路/县前街,120.623878,31.2712994
1225,郭新西路/蔡家浜路,120.656555,31.2520676
1226,友新路/福运路,120.600128,31.2625656
1227,吴东路/蔡家浜路,120.653038,31.2556877
1228,醋库巷/平桥直街,120.622978,31.3028889
1229,紫藤街/金鸡湖路,120.655968,31.3082008
1230,干将东路/仓街,120.634254,31.3121662
1231,南石皮弄/十全街,120.631882,31.3014755
1232,竹辉路/莫邪路,120.64212,31.2965565
1233,星明街/苏绣路,120.656189,31.3182564
1234,东延路/莲塘路,120.725327,31.2883339
1235,星湖街/翠薇街/文景路,120.722214,31.2704525
1236,唯胜路/苏胜路,120.809746,31.3155117
1237,苏胜路/琉璃街,120.743965,31.3108673
1238,车翔路/普惠路/永庆路,120.746948,31.2515926
1239,钟园路/琉璃街,120.743713,31.3228016
1240,会心街/长乐街,120.723106,31.3145657
1241,机场路/联升路,120.810608,31.2830524
1242,星塘街/东方大道,120.754257,31.2589722
1243,唯胜路/振胜路,120.812294,31.3091316
1244,长阳街/阳澄巷,120.78611,31.3092556
1245,东延路/金堰路,120.754822,31.2884045
1246,钟南街/苏胜路,120.752327,31.3112984
1247,文景路/松涛街,120.73288,31.273737
1248,机场路/角胜路/S343,120.816597,31.2832928
1249,淞江路/星塘街,120.741333,31.301609
1250,松涛街/横一路,120.729973,31.2800312
1251,敦煌路/沙浜路,120.744682,31.2985535
1252,星华街/新机场路,120.766624,31.282793
1253,龙运路/青丘街,120.804131,31.3161945
1254,阳浦路/阳澄巷/星龙街,120.799194,31.3098373
1255,淞江路/东宏路,120.749084,31.3000336
1256,S343/佳马路,120.818077,31.2832699
1257,华新路/淞江路/车斜路,120.729752,31.3013859
1258,机场路/凌港路,120.813133,31.2830639
1259,东方大道/凌港路,120.814064,31.2693195
1260,凤里街/方洲路,120.774696,31.318758
1261,仁爱路/松涛街,120.731117,31.2775211
1262,方园街/方洲巷,120.793694,31.3201504
1263,凇江路/东宏路/金堰路,120.75486,31.2960548
1264,万盛街/天宝街/钟园路,120.722496,31.3203831
1265,机场路/星塘街,120.741508,31.2933636
1266,金海路/文景路,120.753456,31.2757587
1267,唯胜路/金胜路,120.811562,31.3116226
1268,长乐巷/会心街,120.722557,31.3147411
1269,敦煌路/星塘街,120.741386,31.2985725
1270,新发路/金海路,120.751778,31.2797718
1271,东方大道/车翔路,120.745308,31.2560959
1272,胜港街/北前巷,120.791359,31.3114433
1273,塘南街/莲葑路,120.733078,31.3036137
1274,长阳街/苏胜路,120.785904,31.3125401
1275,苏胜路/凤里街,120.775139,31.3121643
1276,港田路/凤里街,120.775604,31.3049297
1277,榭雨街/港田路,120.761696,31.3044052
1278,林泉街/仁爱路,120.74012,31.2778606
1279,机场路/车斜路,120.729828,31.2945194
1280,金堰路/东富路,120.754807,31.2857838
1281,新昌路/星海路/金海路,120.754814,31.2726727
1282,胜天路/方洲路/南施街,120.729141,31.3153114
1283,锦溪街/港田路,120.756943,31.3042221
1284,旺墩路/星湖街,120.716766,31.3217602
1285,东延路/星华街,120.766159,31.2883453
1286,独墅湖大道/车斜路/新机场路/松涛街,120.729874,31.2818718
1287,苏胜路/青丘街,120.804665,31.3143063
1288,新昌路/星湖街,120.723312,31.2623386
1289,兴浦路/银胜路,120.818619,31.3205566
1290,锦溪街/方洲路,120.756241,31.3174667
1291,东延路/金浦路,120.746635,31.2884598
1292,星湖街/独墅湖大道,120.720703,31.2813931
1293,长阳街/方洲巷/方洲路,120.785439,31.3195305
1294,机场路/莲葑路,120.733788,31.2938366
1295,苏胜路/津梁街,120.736282,31.3108273
1296,港田路/青丘街,120.806488,31.3062954
1297,金堰路/新机场路,120.754784,31.282814
1298,新昌路/林泉街,120.744339,31.2686996
1299,星海路/金阳路,120.757698,31.2672901
1300,星湖街/淞江路,120.720184,31.301281
1301,新胜路/唯胜路,120.814163,31.3025246
1302,南前巷/胜港街,120.791801,31.3071117
1303,星湖街/翠园路,120.716187,31.3252602
1304,新胜路/通江路,120.81691,31.3030071
1305,钟南街/港田路,120.752937,31.3040676
1306,普惠路/星塘街,120.755836,31.254528
1307,凤里街/钟园路,120.774239,31.3256512
1308,星塘街/金阳路,120.751617,31.2652454
1309,方洲路/星塘街,120.739677,31.3161945
1310,会心街/金塔路,120.725861,31.317152
1311,苏同黎公路/星塘街/绕城高速公路,120.772163,31.2434807
1312,唯胜路/中胜路,120.813278,31.3050995
1313,星塘街/新昌路,120.749489,31.2705555
1314,淞江路/莲葑路,120.733246,31.3014278
1315,松涛街/东方大道,120.740768,31.2545891
1316,听涛路/星龙街,120.801086,31.3010254
1317,长江路/车翔路,120.746094,31.2539558
1318,民胜路/通江路,120.813713,31.3145847
1319,星塘街/长江路,120.75515,31.2565193
1320,长阳街/淞北路,120.786598,31.3020859
1321,苏胜路/星华街,120.765877,31.3111191
1322,万前巷/阳澄巷,120.788925,31.30937
1323,星华街/港田路,120.765808,31.3045597
1324,星华街/钟园路,120.764809,31.3248062
1325,仁爱路/星湖街,120.720345,31.2772694
1326,津梁街/钟园路,120.736092,31.3220005
1327,方达街/方洲巷,120.798195,31.3204823
1328,星湖街/苏胜路,120.719841,31.3104801
1329,旺墩路/津梁街,120.736168,31.3240528
1330,南施街/钟园路,120.728882,31.3211651
1331,吴胜路/通江路/唯胜路,120.817963,31.2985058
1332,林泉街/文景路,120.741814,31.2741489
1333,津梁街/方洲路,120.736282,31.3159142
1334,车斜路/敦煌路,120.72979,31.2979164
1335,莲葑路/敦煌路,120.73349,31.2980099
1336,西洲路/会心街,120.721657,31.3159084
1337,方达街/龙浦路,120.799164,31.3170681
1338,锦溪街/钟园路,120.755898,31.324007
1339,永庆路/蒲谊西路,120.748322,31.2479401
1340,长阳街/港田路,120.786377,31.305357
1341,琉璃街/方洲路,120.743935,31.3165398
1342,机场路/星华街,120.766006,31.293642
1343,钟园路/星塘街,120.739594,31.3224125
1344,天宝街/会心街,120.722794,31.3170795
1345,旺墩路/南施街,120.728798,31.3231907
1346,沙浜路/淞江路,120.744858,31.3009548
1347,东延路/莲池路,120.737068,31.2884235
1348,东延路/金田路,120.763039,31.2883568
1349,榭雨街/方洲路,120.761551,31.3178482
1350,东宝强路/佳马路,120.81813,31.2785645
1351,金堰路/新发路,120.755249,31.2799034
1352,中胜路/通江路,120.816284,31.3057098
1353,新机场路/星塘街,120.745239,31.2825165
1354,莲池路/莲葑路,120.73455,31.2894249
1355,塘南街/华新路,120.729774,31.3038387
1356,振胜路/通江路,120.815155,31.3098412
1357,苏胜路/星龙街,120.798233,31.3131065
1358,星龙街/方洲巷,120.796127,31.3203335
1359,淞北路/凤里街,120.775795,31.3017902
1360,东延路/民生路,120.744087,31.2884731
1361,文景路/星塘街,120.748878,31.27425
1362,胜天路/会心街,120.726021,31.3151035
1363,苏同黎公路/绕城高速公路,120.772057,31.2427864
1364,胜港街/港田路,120.791954,31.3056145
1365,金堰路/东旺路,120.754829,31.2909279
1366,横浦巷/青丘街,120.801735,31.3243103
1367,东延路/车斜路,120.72982,31.288372
1368,胜港街/苏胜路,120.791222,31.3127632
1369,钟南街/方洲路,120.752098,31.3171539
1370,淞北路/星龙街,120.80085,31.3025646
1371,仁爱路/横一路,120.726746,31.2773209
1372,锦溪街/苏胜路,120.756546,31.3114643
1373,东延路/星湖街,120.72049,31.2883015
1374,星龙街/龙浦路,120.797142,31.3167934
1375,胜港街/阳澄巷,120.791565,31.3094883
1376,淞江路/机场路,120.717827,31.3009434
1377,长乐街/苏胜路,120.723297,31.3105202
1378,机场路/星湖街,120.720169,31.2995224
1379,龙浦路/青丘街,120.803696,31.3176746
1380,星塘街/金达路,120.753853,31.2601566
1381,敦煌路/机场路,120.724136,31.2967587
1382,星湖街/钟园路,120.717453,31.3194084
1383,港田路/星龙街,120.800331,31.3059578
1384,星湖街/西洲路,120.718842,31.3155708
1385,钟南街/钟园路,120.751808,31.323616
1386,苏胜路/星塘街,120.739754,31.3108921
1387,富安巷/阳澄巷,120.796875,31.3097229
1388,齐心街/长乐巷,120.723251,31.3152828
1389,南施街/金塔路,120.729164,31.3176708
1390,榭雨街/苏胜路,120.761589,31.3116589
1391,东方大道/苏同黎公路,120.776535,31.2659912
1392,阳浦路/青丘街,120.805656,31.3101768
1393,方园街/龙浦路,120.794762,31.3164711
1394,东延路/星塘街,120.742477,31.288475
1395,南施街/苏胜路,120.729332,31.3106365
1396,金塔路/津梁街,120.736183,31.3181095
1397,金胜路/通江路,120.814476,31.3123817
1398,机场路/金堰路,120.75486,31.2938118
1399,青丘街/方洲巷,120.802742,31.3208561
1400,星华街/方洲路,120.765594,31.3181419
1401,新昌路/松涛街,120.736397,31.266367
1402,旺墩路/万盛街,120.722313,31.3224297