0,120.528597403,31.4029924848
1,120.658528917,31.3392244786
2,120.595784239,31.3449699198
3,120.594606051,31.3358056642
4,120.632151403,31.3349151758
5,120.70649869,31.3352787009
6,120.784539623,31.3336999894
7,120.685554407,31.4080476184
8,120.803646044,31.3355824416
9,120.524949141,31.4023887401
10,120.537109153,31.3406743908
11,120.581450217,31.331682738
12,120.674941809,31.3327064352
13,120.634062945,31.3700932855
14,120.700576689,31.3596819414
15,120.544591865,31.3390365064
16,120.623499521,31.3834937673
17,120.754792656,31.3599717471
18,120.785099327,31.3458778548
19,120.520784575,31.3691539291
20,120.57840311,31.3312841189
21,120.638274155,31.3335205809
22,120.806190632,31.3499002089
23,120.624289867,31.3430025318
24,120.508684002,31.3582167599
25,120.718849873,31.3368952578
26,120.703933416,31.3344442392
27,120.688250698,31.3528434346
28,120.545430298,31.3326339991
29,120.538546171,31.330209557
30,120.527374074,31.4073796082
31,120.81337079,31.3600736133
32,120.826389521,31.3575850402
33,120.53763903,31.336712156
34,120.722865319,31.3525762317
35,120.667405555,31.3415119504
36,120.703134153,31.4278025602
37,120.718258854,31.341160872
38,120.675352175,31.3568290202
39,120.711124535,31.3528840373
40,120.694403862,31.3469910364
41,120.624819824,31.3354775039
42,120.537509067,31.3788007661
43,120.62191696,31.3970044562
44,120.644259466,31.3748423496
45,120.622779986,31.3336036593
46,120.703968943,31.3535734306
47,120.675074145,31.3447725442
48,120.638654798,31.3776095235
49,120.773084377,31.3441013786
50,120.806668255,31.3636388532
51,120.602200656,31.3377081076
52,120.623888239,31.331171977
53,120.614007343,31.3548401965
54,120.820083347,31.3613456131
55,120.52514325,31.3978335382
56,120.585776759,31.335987387
57,120.627383236,31.4060747414
58,120.644868691,31.3710386104
59,120.697819965,31.4210353666
60,120.633573835,31.3485083679
61,120.629085018,31.3489882742
62,120.712828612,31.3475585943
63,120.797772891,31.365033841
64,120.593825787,31.3386294126
65,120.596869568,31.4007322003
66,120.736696466,31.3575670235
67,120.822493348,31.3635016418
68,120.513974172,31.330518689
69,120.66892929,31.3466007009
70,120.652515712,31.3816410493
71,120.513386201,31.3381387967
72,120.64669002,31.408330315
73,120.658576559,31.3999570015
74,120.547795313,31.3920464964
75,120.783477377,31.3511686728
76,120.70742373,31.3514337018
77,120.763049948,31.354906
78,120.825398791,31.3720615872
79,120.720620547,31.3494220555
80,120.638303384,31.4034728312
81,120.626886825,31.4020518824
82,120.671636096,31.3569612396
83,120.512531848,31.359050104
84,120.521594487,31.4099699572
85,120.713311248,31.3538773677
86,120.654071093,31.3732012417
87,120.681791639,31.3480135058
88,120.636208298,31.3603449428
89,120.714460997,31.3512364872
90,120.605731997,31.3328990609
91,120.726653072,31.3530490731
92,120.538250431,31.3541927532
93,120.689041314,31.422770949
94,120.62421542,31.3458470546
95,120.7022874,31.353038583
96,120.754186402,31.3609883359
97,120.6443649,31.3477971671
98,120.523579179,31.3464329236
99,120.7394359,31.3309323338
100,120.615076503,31.4067180625
101,120.683647439,31.3346965812
102,120.818877529,31.3652246291
103,120.630553247,31.4017168478
104,120.820803719,31.3588889999
105,120.722484818,31.3563961978
106,120.652710236,31.4119585743
107,120.70229588,31.3561144448
108,120.692417701,31.4112387632
109,120.631854503,31.3378612937
110,120.611884417,31.3339114685
111,120.593489028,31.3979498616
112,120.601902187,31.3453842819
113,120.507110593,31.3656923923
114,120.671846359,31.3467582292
115,120.701708489,31.3512142776
116,120.665334585,31.3892584414
117,120.656474248,31.3494234375
118,120.756487176,31.3545005555
119,120.791407083,31.3470192771
120,120.712242793,31.3503056493
121,120.679133223,31.3303873401
122,120.582715968,31.3315725208
123,120.748611117,31.3605857025
124,120.627327411,31.3694924061
125,120.514721429,31.4114445878
126,120.622104091,31.4040406464
127,120.52363424,31.4065051232
128,120.732149518,31.3387462995
129,120.567487419,31.3411784049
130,120.595155697,31.3306755115
131,120.701025508,31.3582506564
132,120.658362044,31.3735708341
133,120.608118965,31.3543261221
134,120.626295796,31.3760725119
135,120.659484877,31.40549343
136,120.679866172,31.3545621914
137,120.514858591,31.4175770839
138,120.619043854,31.3345260994
139,120.614868267,31.3469359213
140,120.646503146,31.3346038493
141,120.673817132,31.3383218947
142,120.67585583,31.3541879271
143,120.710065996,31.3553726611
144,120.597061797,31.3981224127
145,120.630096182,31.3967860931
146,120.811579925,31.3486541113
147,120.755420966,31.3588896669
148,120.68596696,31.3616289125
149,120.699045743,31.3501066131
150,120.587319285,31.3852749015
151,120.820014721,31.3501960735
152,120.627100921,31.4037710634
153,120.823811095,31.3507032613
154,120.667006084,31.4039216914
155,120.645624496,31.4043633723
156,120.586395399,31.4022831211
157,120.726333222,31.356693103
158,120.772138606,31.3493232762
159,120.612958812,31.3378464235
160,120.691340253,31.339586907
161,120.679507749,31.3570318151
162,120.738188357,31.3534850463
163,120.805726703,31.3666010148
164,120.638957413,31.3999877351
165,120.503365591,31.3581100682
166,120.519548541,31.3382815437
167,120.587435947,31.4000881763
168,120.596456882,31.3543509324
169,120.701101257,31.4251727647
170,120.506720304,31.337927566
171,120.719286476,31.3514421071
172,120.739176371,31.3396665252
173,120.594408404,31.3450095344
174,120.525522287,31.3919131201
175,120.65229093,31.4034493746
176,120.537366245,31.3387744478
177,120.739530022,31.3582961403
178,120.609756573,31.3463936636
179,120.644158401,31.3305655238
180,120.752475938,31.3638432181
181,120.63898306,31.3965347833
182,120.647174986,31.3617627187
183,120.817523408,31.3580964298
184,120.828223084,31.3518850843
185,120.656814762,31.3821212788
186,120.798404384,31.3537356447
187,120.529790303,31.3986355699
188,120.637390016,31.3845824677
189,120.693569086,31.3511468972
190,120.659906725,31.3389708466
191,120.595835298,31.3830216759
192,120.764013662,31.3657236987
193,120.661214545,31.4089501624
194,120.554524946,31.3533873346
195,120.674440876,31.3357856838
196,120.707618897,31.3462678959
197,120.760549232,31.3645385822
198,120.640633439,31.4143173958
199,120.641833124,31.3852015168
200,120.660089864,31.3383973631
201,120.626332996,31.406142813
202,120.638276683,31.3797696741
203,120.652199353,31.3322571421
204,120.675070178,31.3583810301
205,120.737675718,31.3548085804
206,120.721725234,31.3465116461
207,120.635859924,31.3368746522
208,120.622715118,31.4073325706
209,120.663019847,31.3464087091
210,120.629409543,31.3550944969
211,120.51226683,31.3425732278
212,120.640964018,31.4095862417
213,120.551519091,31.3827920171
214,120.50935599,31.3536601019
215,120.534051758,31.3839533204
216,120.80162578,31.3425222061
217,120.630535761,31.3513013401
218,120.557350306,31.3329702685
219,120.659344985,31.3463016775
220,120.701394173,31.3447830941
221,120.818302911,31.3556086011
222,120.690807099,31.3625401667
223,120.715056192,31.3546746074
224,120.532967995,31.4231286989
225,120.70600085,31.3541976627
226,120.687010148,31.3575461073
227,120.695235386,31.3514429485
228,120.522695799,31.3517731334
229,120.540295645,31.3799494995
230,120.560716731,31.3607910216
231,120.705641876,31.3385434866
232,120.54376085,31.3864711439
233,120.666026899,31.3307990384
234,120.673102536,31.3414741859
235,120.738827871,31.3447522817
236,120.827630806,31.3662205964
237,120.586828759,31.3834229464
238,120.745606574,31.3598232937
239,120.530832418,31.331561621
240,120.701031829,31.3526068482
241,120.571131495,31.3917659544
242,120.591878058,31.3448640702
243,120.804924412,31.3312602268
244,120.645964759,31.4278801063
245,120.622424353,31.4062377471
246,120.652679015,31.4155646679
247,120.527686726,31.3870020006
248,120.521133264,31.4277672863
249,120.716534872,31.355351834
250,120.746940107,31.3315600356
251,120.682471578,31.3608709358
252,120.518981892,31.3967913196
253,120.640524512,31.4293408447
254,120.593365663,31.4005903982
255,120.51014785,31.3487187908
256,120.520738675,31.3463417173
257,120.75346546,31.3622017034
258,120.799846193,31.3486462602
259,120.506989986,31.4264270461
260,120.818534555,31.3699554885
261,120.527160244,31.3481634539
262,120.531433284,31.3471148191
263,120.647021082,31.3306989513
264,120.529681842,31.3404480515
265,120.639732961,31.3901681055
266,120.624225863,31.3395626783
267,120.64363515,31.40887011
268,120.732601494,31.3323507452
269,120.825792878,31.3341086402
270,120.646783009,31.3392296006
271,120.706700319,31.3314864263
272,120.596792084,31.3573151968
273,120.637564434,31.3371936244
274,120.636068386,31.4218250093
275,120.568757072,31.42228659
276,120.511832447,31.3439699252
277,120.640800745,31.4300937259
278,120.593796665,31.3931826776
279,120.578976724,31.4184144939
280,120.623924158,31.4177301041
281,120.597095815,31.3544653232
282,120.51885055,31.342842474
283,120.576688636,31.4194560226
284,120.587473062,31.3921668614
285,120.672013238,31.3446679233
286,120.672025726,31.3398857564
287,120.643742668,31.3782688901
288,120.704517191,31.3523514104
289,120.527213532,31.3467370853
290,120.671766846,31.3415002887
291,120.712449849,31.3558878422
292,120.597224746,31.3517988885
293,120.650674253,31.391691829
294,120.762086169,31.342766268
295,120.645311731,31.4023918963
296,120.809285904,31.3559108706
297,120.636035953,31.4171187347
298,120.672239188,31.3538707719
299,120.641321223,31.3331967357
300,120.65149152,31.3871766806
301,120.585255585,31.3378435517
302,120.523685079,31.3444957975
303,120.637957365,31.4053845525
304,120.625933409,31.3780828255
305,120.542265742,31.3906251102
306,120.697431512,31.3370546379
307,120.678374147,31.333507174
308,120.683325502,31.3573285024
309,120.636304381,31.4151602528
310,120.632713537,31.3790212735
311,120.718226314,31.3529649116
312,120.687481999,31.3557728692
313,120.523489004,31.3481369718
314,120.644463293,31.4153107596
315,120.560724771,31.3602588666
316,120.814264872,31.3572080543
317,120.622004577,31.4024453953
318,120.752874178,31.3631721351
319,120.536813353,31.3892880974
320,120.646950964,31.3862912743
321,120.751431913,31.3657544814
322,120.674930406,31.3469179185
323,120.66506762,31.3345199705
324,120.671376725,31.3319345289
325,120.52228307,31.4217440544
326,120.63553779,31.4205942228
327,120.614228339,31.3527683456
328,120.709735651,31.3467960539
329,120.698224746,31.3518220734
330,120.540847461,31.4052490638
331,120.65277899,31.3793949544
332,120.826484509,31.3692945909
333,120.656802936,31.3478924086
334,120.795933308,31.3647301763
335,120.53265248,31.388275179
336,120.70666378,31.3327968447
337,120.690695047,31.4280775192
338,120.59577623,31.3811327114
339,120.509797586,31.3511475081
340,120.750272459,31.3465424508
341,120.811559679,31.3320072229
342,120.62528918,31.3367052463
343,120.51070561,31.3659950761
344,120.588039787,31.3379093213
345,120.69417553,31.4159338601
346,120.807976386,31.3437753144
347,120.795887865,31.3302967252
348,120.690256929,31.3462479965
349,120.672344263,31.337972041
350,120.750268925,31.3413747538
351,120.51863736,31.3443165635
352,120.603651913,31.3827372453
353,120.813807163,31.3680537042
354,120.639378655,31.3744476386
355,120.795618469,31.3347415507
356,120.730238059,31.3516589261
357,120.686344855,31.4121292249
358,120.809883709,31.353535542
359,120.699919429,31.3483461778
360,120.597491313,31.3933878584
361,120.596655522,31.358578897
362,120.674786273,31.3486758815
363,120.816788246,31.360691728
364,120.600562394,31.3362252526
365,120.632407819,31.3380539778
366,120.625924708,31.3968804086
367,120.794308748,31.3411123085
368,120.518249777,31.3868925873
369,120.52178753,31.3538223511
370,120.53018137,31.3364794381
371,120.660145735,31.3328377374
372,120.644732808,31.3473103996
373,120.534796172,31.3479782965
374,120.687235914,31.416764569
375,120.631764552,31.3841629743
376,120.79005428,31.3522588164
377,120.819483307,31.3675719674
378,120.632267361,31.3362585675
379,120.632249726,31.3336748022
380,120.536329041,31.3485174084
381,120.515312476,31.37474732
382,120.55176308,31.332932542
383,120.655637561,31.3877729014
384,120.587454905,31.3870108289
385,120.547897737,31.3449218904
386,120.653238818,31.416468677
387,120.63833906,31.410160265
388,120.695629566,31.3496232312
389,120.637133772,31.4103341888
390,120.630402948,31.3885485551
391,120.632745555,31.3768251982
392,120.647204708,31.338439051
393,120.651692716,31.3312056374
394,120.596470545,31.3679045636
395,120.667816471,31.3393108234
396,120.608499622,31.3524879201
397,120.576991236,31.345467193
398,120.761920599,31.3480037524
399,120.632359879,31.336249349
400,120.696214753,31.3472979397
401,120.506863223,31.3356613314
402,120.520672396,31.3309573321
403,120.678822234,31.3598329643
404,120.784321783,31.3687981924
405,120.52912787,31.3446924544
406,120.725578292,31.3425121169
407,120.515061249,31.4279447162
408,120.652849157,31.4068349342
409,120.588873718,31.3372439266
410,120.53660859,31.3446192344
411,120.626795661,31.3836582299
412,120.666015439,31.3984911269
413,120.646653536,31.3572792734
414,120.6525511,31.3313045997
415,120.533540077,31.3505798778
416,120.676032555,31.3413571605
417,120.796444307,31.361620717
418,120.643387691,31.3804434615
419,120.585953723,31.3310929947
420,120.621771249,31.3879404801
421,120.644264105,31.4136789388
422,120.513531806,31.3514709531
423,120.689170421,31.3497184934
424,120.571878113,31.3675949364
425,120.585956858,31.3341218429
426,120.640233594,31.3883855971
427,120.65899654,31.4025717068
428,120.817029875,31.3316089776
429,120.678781312,31.4090514198
430,120.821751244,31.3564512539
431,120.650001854,31.3350378312
432,120.592405563,31.4043504134
433,120.646064242,31.3421487854
434,120.664132703,31.3827656848
435,120.681380869,31.3494574186
436,120.75035209,31.357527927
437,120.628281702,31.3593811937
438,120.804841836,31.3547843683
439,120.597793333,31.3679632681
440,120.522999368,31.4168181219
441,120.529924229,31.3385258576
442,120.68367576,31.3551363159
443,120.657662359,31.3941566228
444,120.717593871,31.3538918543
445,120.537914593,31.385346253
446,120.650740358,31.395551647
447,120.52885413,31.3469090254
448,120.702957193,31.351754372
449,120.622477506,31.4063915532
450,120.548000087,31.3603791126
451,120.732782795,31.3302790369
452,120.651894167,31.4013040932
453,120.625828628,31.4021198406
454,120.512692861,31.3930082759
455,120.617737258,31.4189627377
456,120.71403384,31.3521888679
457,120.520269815,31.4015932636
458,120.531290449,31.3932370172
459,120.514089941,31.3537428589
460,120.664995733,31.3927374507
461,120.705421292,31.3506073147
462,120.545630327,31.3812708768
463,120.726132038,31.3378299464
464,120.657116598,31.3879899927
465,120.692360538,31.3567717509
466,120.605780358,31.3211767563
467,120.598568409,31.3042553733
468,120.538583858,31.3299706144
469,120.582736391,31.2745804419
470,120.514470493,31.3239385456
471,120.535167175,31.3003287595
472,120.565917525,31.3247349164
473,120.558117208,31.326634662
474,120.560625235,31.3245671536
475,120.532187946,31.3221628116
476,120.524238461,31.3169769239
477,120.511605451,31.2327299601
478,120.598708443,31.3244248335
479,120.574019136,31.2902348611
480,120.52413216,31.2610251605
481,120.598743789,31.3151077633
482,120.523555478,31.321355754
483,120.503553298,31.2415366323
484,120.553267203,31.3117188073
485,120.543395414,31.2830311985
486,120.542033575,31.2721811107
487,120.590055277,31.2764827129
488,120.577655641,31.2920559588
489,120.531113255,31.3295605954
490,120.521465983,31.3167710834
491,120.567364513,31.2791765391
492,120.55862867,31.322428973
493,120.583217036,31.3178415616
494,120.57349857,31.3036190702
495,120.546585741,31.2516818942
496,120.532549258,31.2617576483
497,120.525820944,31.2952913679
498,120.54132945,31.3109536687
499,120.560706014,31.2646042289
500,120.593679391,31.3143516575
501,120.543604209,31.2778122517
502,120.553376776,31.3151506936
503,120.583850124,31.3136649163
504,120.60982453,31.3210242048
505,120.552011077,31.323793276
506,120.521673165,31.3243743157
507,120.559087679,31.3193088963
508,120.540059009,31.3204306194
509,120.596438696,31.3038260367
510,120.577187533,31.313196896
511,120.59765121,31.3094448789
512,120.527296303,31.3139397803
513,120.544141226,31.2722981042
514,120.597122981,31.2300540198
515,120.524220835,31.2555769906
516,120.530364632,31.2405818659
517,120.536346805,31.2498938879
518,120.512831224,31.2775912632
519,120.525118774,31.2491944832
520,120.520684651,31.3210476315
521,120.575703952,31.2835732898
522,120.530827152,31.2949806982
523,120.535769211,31.2892386534
524,120.533110778,31.3144799689
525,120.511318414,31.2612406855
526,120.511468946,31.2388888151
527,120.533626086,31.3105103657
528,120.595533799,31.3219267128
529,120.607539922,31.3104752549
530,120.529960531,31.2561781754
531,120.551773623,31.2841101546
532,120.534628196,31.3040915144
533,120.583035839,31.2793032852
534,120.601182648,31.2796270761
535,120.595973212,31.2963931745
536,120.607507234,31.283044187
537,120.524922605,31.3214922603
538,120.500495347,31.2414063898
539,120.542791927,31.3003864327
540,120.503766844,31.255862976
541,120.594071266,31.2696125227
542,120.500241982,31.32917061
543,120.500234855,31.2439977704
544,120.596811163,31.3146956174
545,120.592330689,31.3088245205
546,120.568806019,31.2940175784
547,120.507513039,31.3220728664
548,120.576276978,31.2951361206
549,120.523184498,31.3244114792
550,120.602217953,31.2708941744
551,120.523341573,31.3135752276
552,120.598479281,31.2823007205
553,120.595813345,31.3205552382
554,120.553619279,31.2638243435
555,120.551070506,31.2608609409
556,120.568124704,31.3202885034
557,120.595291731,31.3229034536
558,120.582799692,31.2802132272
559,120.583554318,31.3021030161
560,120.555775548,31.2637905076
561,120.543179432,31.2895059976
562,120.606056431,31.285206387
563,120.597363342,31.2781693949
564,120.557255645,31.2637955076
565,120.559568808,31.3152732985
566,120.607063236,31.3144109819
567,120.589736171,31.2914015479
568,120.589578513,31.3030619798
569,120.609601583,31.3192938321
570,120.578952461,31.2890736678
571,120.503871839,31.2461693604
572,120.595050066,31.3242274688
573,120.585059646,31.2805347433
574,120.60647974,31.3189476925
575,120.507621701,31.3168450619
576,120.608746882,31.3274437777
577,120.538321323,31.259165732
578,120.532325549,31.2374071404
579,120.524823415,31.3031671293
580,120.525211672,31.3007111062
581,120.524708688,31.313703913
582,120.567860711,31.3010076325
583,120.558469969,31.2817173426
584,120.543012331,31.2948379998
585,120.52428079,31.2748754743
586,120.586984323,31.3297043038
587,120.514116812,31.2745417626
588,120.609878338,31.2865530737
589,120.571140869,31.3121553263
590,120.59828893,31.2821047839
591,120.531750557,31.289401833
592,120.538601072,31.2526726716
593,120.524919263,31.2514650346
594,120.536107818,31.2821904135
595,120.591552627,31.3142787005
596,120.54073942,31.3152029526
597,120.589781959,31.2912934394
598,120.540323054,31.3180673842
599,120.595018904,31.3239713959
600,120.510911058,31.2419936113
601,120.584858477,31.3023877172
602,120.523926852,31.3097538783
603,120.604903004,31.2918985211
604,120.526266668,31.2403094425
605,120.608985089,31.3011924076
606,120.59852667,31.2702327116
607,120.515794429,31.2601387575
608,120.503141707,31.2383019562
609,120.589637703,31.2912075256
610,120.527147683,31.2611567313
611,120.565510361,31.2937316244
612,120.585090192,31.2794706866
613,120.522483638,31.3096614954
614,120.570736111,31.2794645664
615,120.578671832,31.2680182164
616,120.604905559,31.305196506
617,120.555153087,31.3048696044
618,120.598182308,31.2819799621
619,120.53783865,31.2618092267
620,120.50060162,31.2381112879
621,120.607484217,31.2830747202
622,120.60008849,31.2978153524
623,120.594941884,31.265352287
624,120.552236772,31.3216926504
625,120.529920163,31.30030266
626,120.577452921,31.3032779939
627,120.572814646,31.2675742246
628,120.594584044,31.2304079708
629,120.592029007,31.2930093688
630,120.58351725,31.3217609454
631,120.608262621,31.3169057587
632,120.536861639,31.2719138745
633,120.514876171,31.2627722876
634,120.566268756,31.2867325056
635,120.557117266,31.2861875067
636,120.586823142,31.3026571701
637,120.529128826,31.2371287517
638,120.51019689,31.2608941806
639,120.546160836,31.2596288475
640,120.539196529,31.325969779
641,120.532371234,31.2407265837
642,120.606729856,31.3171307061
643,120.5166093,31.2622900201
644,120.597052687,31.2970362102
645,120.56040804,31.312228272
646,120.558380372,31.3245108427
647,120.555584118,31.3011015355
648,120.608959356,31.3106272417
649,120.530120146,31.3141922685
650,120.537168557,31.2617710397
651,120.560468936,31.3270656417
652,120.573170613,31.2944542282
653,120.598887484,31.3017597047
654,120.609911579,31.3170751556
655,120.516329347,31.2596903107
656,120.559692858,31.2787088135
657,120.609301381,31.2716342541
658,120.555878753,31.2983232107
659,120.560250678,31.2734587191
660,120.594734461,31.328064236
661,120.550710553,31.2635577566
662,120.57377661,31.2914079609
663,120.522265262,31.3212089048
664,120.609918775,31.3059221611
665,120.531156649,31.2751029833
666,120.552682077,31.3191901064
667,120.606137666,31.3197244715
668,120.597150888,31.2783221722
669,120.562925939,31.3273000257
670,120.552415316,31.2782799312
671,120.598380686,31.282082552
672,120.578770816,31.3003511194
673,120.565964924,31.2894641782
674,120.563284301,31.3055956555
675,120.583580007,31.3075096393
676,120.569185898,31.2899346425
677,120.581167771,31.2841632
678,120.591491116,31.3279352509
679,120.572673937,31.3064941752
680,120.580116587,31.3248825298
681,120.545458541,31.2623668562
682,120.598024996,31.2786707231
683,120.556114173,31.2917953422
684,120.573847226,31.3289693424
685,120.524482134,31.2541065058
686,120.601098922,31.2794721367
687,120.602992714,31.3158297792
688,120.535493877,31.2949567449
689,120.60093705,31.3156018463
690,120.605699539,31.3163653407
691,120.575133249,31.2678395293
692,120.580980242,31.2715934644
693,120.526948228,31.3171583664
694,120.500371891,31.2320962978
695,120.600581467,31.2802230555
696,120.563248945,31.3246455214
697,120.570834405,31.3168984168
698,120.535154568,31.2408979161
699,120.524203559,31.2583396579
700,120.527037914,31.2339270445
701,120.535138915,31.237656312
702,120.606092252,31.3202703029
703,120.524482591,31.3245185604
704,120.588753744,31.3083230468
705,120.552775848,31.2730139712
706,120.540958497,31.3136036797
707,120.607942516,31.3168566691
708,120.574505278,31.2882457672
709,120.537445615,31.2590665737
710,120.578187212,31.2908537032
711,120.599699503,31.3105833246
712,120.56997024,31.3166991529
713,120.52666407,31.2369873016
714,120.507292625,31.3300551052
715,120.581033647,31.3174533027
716,120.596055172,31.3192788153
717,120.604192406,31.3101494612
718,120.588682692,31.3140625382
719,120.529711132,31.3173198802
720,120.513279306,31.2631846671
721,120.58071803,31.2963875158
722,120.53286186,31.3175450368
723,120.539673234,31.3227873662
724,120.522175547,31.2552338389
725,120.599820537,31.3096813602
726,120.525742531,31.3170747995
727,120.59751529,31.310346492
728,120.573198782,31.279681645
729,120.520206781,31.3243674211
730,120.580874666,31.3174295428
731,120.586677369,31.2965068258
732,120.564358532,31.2989193431
733,120.566786425,31.2822947632
734,120.542750065,31.262174444
735,120.504054784,31.2462863147
736,120.602341719,31.3198793159
737,120.600433978,31.3045972157
738,120.551338448,31.2898995679
739,120.581946938,31.313455425
740,120.563836059,31.3022613835
741,120.574580507,31.2997241104
742,120.601602141,31.2792226231
743,120.52287131,31.3168790965
744,120.572673327,31.2831047918
745,120.530442031,31.2817137294
746,120.556655213,31.2733122276
747,120.567005187,31.3026357806
748,120.609855242,31.2667318421
749,120.568344836,31.2992099901
750,120.531932878,31.2496456471
751,120.580704048,31.3215298747
752,120.634221248,31.3262520374
753,120.62503418,31.3002551795
754,120.630323241,31.3254858543
755,120.610068303,31.2591632959
756,120.612470457,31.3170825
757,120.636758093,31.3154637386
758,120.665390462,31.2558869334
759,120.618079428,31.2966366904
760,120.616918467,31.3224058574
761,120.638520956,31.3123961366
762,120.623825746,31.3051407755
763,120.643325623,31.294196789
764,120.630930935,31.2984671898
765,120.617280013,31.3170794113
766,120.622483416,31.3139915605
767,120.626038145,31.3273992512
768,120.637626189,31.2369628405
769,120.633036949,31.3162987181
770,120.630917906,31.3221376355
771,120.630094046,31.32645747
772,120.672336197,31.3225570702
773,120.617782256,31.3135951764
774,120.66922682,31.3141886454
775,120.63537063,31.2706815245
776,120.626618067,31.3247240217
777,120.66150216,31.2986711077
778,120.677077815,31.2965117172
779,120.634611571,31.3244396529
780,120.632923001,31.3170297745
781,120.630686938,31.3133145433
782,120.62468996,31.3013880024
783,120.62169327,31.2593372121
784,120.633557117,31.3287830957
785,120.617602411,31.3175514091
786,120.641404414,31.3086342546
787,120.655660835,31.2414483474
788,120.618947772,31.3066932861
789,120.618434367,31.2362803106
790,120.670218702,31.3208867371
791,120.672271634,31.2926394695
792,120.688072331,31.3020788481
793,120.64431683,31.2869628786
794,120.623146922,31.3099918516
795,120.619604844,31.2847809383
796,120.661754385,31.2946269526
797,120.637538395,31.2767532768
798,120.620760198,31.3216574941
799,120.677415495,31.3211433269
800,120.625284658,31.3101995597
801,120.652241973,31.2446708024
802,120.643650397,31.2430438724
803,120.643712996,31.3068764351
804,120.686845137,31.3199202842
805,120.631063963,31.3047297719
806,120.678651863,31.3223230688
807,120.616325136,31.325424982
808,120.633196967,31.3153417139
809,120.65368977,31.2877226888
810,120.642005139,31.2767636679
811,120.642059442,31.2755132302
812,120.641363527,31.3151199756
813,120.67915167,31.31975896
814,120.684402293,31.3022256626
815,120.641758438,31.2784218393
816,120.610187978,31.2803840599
817,120.673135152,31.2873400977
818,120.674990866,31.3216623347
819,120.669929766,31.322171611
820,120.667038631,31.31947742
821,120.649644248,31.2711898085
822,120.646276824,31.2710619077
823,120.621081211,31.2667028296
824,120.642320371,31.2995352164
825,120.629355986,31.308579294
826,120.627186942,31.2786696502
827,120.669433391,31.2843722565
828,120.639038077,31.3053450129
829,120.623920944,31.3185864413
830,120.674650617,31.2608149925
831,120.621491442,31.3182205087
832,120.615427573,31.3297212773
833,120.671294354,31.2981165262
834,120.66864401,31.2925730559
835,120.711855671,31.2541911668
836,120.636261026,31.3174402909
837,120.615198209,31.3047771333
838,120.665739868,31.2920699336
839,120.633803799,31.3051589932
840,120.638254488,31.2332688063
841,120.639242843,31.2993570275
842,120.653497536,31.3274391953
843,120.657156237,31.2717547164
844,120.677839974,31.3190128379
845,120.620276599,31.3006916672
846,120.632872653,31.3126029436
847,120.671801276,31.2721210775
848,120.643712568,31.2368606082
849,120.626959357,31.3215561069
850,120.62214737,31.2847397497
851,120.631215169,31.2960370941
852,120.671851341,31.2948802691
853,120.626274403,31.3265825763
854,120.617776614,31.3161946093
855,120.624162484,31.3036245762
856,120.679710059,31.2445249086
857,120.623732614,31.321955774
858,120.617699818,31.3066149677
859,120.657633892,31.2509211675
860,120.670416892,31.3199297384
861,120.624187557,31.3169985119
862,120.618637186,31.3115421853
863,120.617447591,31.3161386801
864,120.610009876,31.2835840408
865,120.651765535,31.2471604636
866,120.636024539,31.318366274
867,120.678357212,31.3085668304
868,120.63483106,31.2734209327
869,120.673543749,31.3168775181
870,120.633008107,31.3096806636
871,120.719897282,31.3251169731
872,120.671182781,31.255311915
873,120.673004532,31.2892699284
874,120.678361462,31.3041394799
875,120.641494068,31.3301343754
876,120.63335276,31.307775641
877,120.614538349,31.2881034953
878,120.630472474,31.3141254921
879,120.635896504,31.2588257293
880,120.625773962,31.3073085376
881,120.620135582,31.2799155816
882,120.623565758,31.307123407
883,120.668384588,31.2947511007
884,120.65100354,31.2509491063
885,120.631298843,31.3200621515
886,120.667387653,31.3235835401
887,120.656170507,31.3179955682
888,120.686423275,31.3238229918
889,120.620811785,31.2971148794
890,120.683459862,31.2339312504
891,120.621842394,31.3167655577
892,120.630250887,31.314818282
893,120.632781809,31.2860158268
894,120.680380338,31.2572638067
895,120.669407924,31.3117791587
896,120.615194385,31.2780957354
897,120.617599964,31.3149901586
898,120.659575247,31.2326684052
899,120.633841851,31.3048434583
900,120.660316174,31.2899137691
901,120.653680734,31.2956696449
902,120.670763151,31.2384431752
903,120.665205155,31.2986486702
904,120.629197168,31.2958213254
905,120.625493779,31.2978668281
906,120.670688559,31.2696548696
907,120.639849301,31.2754174951
908,120.677904813,31.2545327315
909,120.673517303,31.2847905928
910,120.638892901,31.3065402877
911,120.623642815,31.3066700755
912,120.626610113,31.3248023969
913,120.628683579,31.3126669098
914,120.626883701,31.3222348386
915,120.679747569,31.3275902901
916,120.631771958,31.3175575813
917,120.625023681,31.2700765322
918,120.652701402,31.2739990348
919,120.668843407,31.2574860815
920,120.674055575,31.3084753125
921,120.678848666,31.3213733846
922,120.624606511,31.3149483448
923,120.685177792,31.3264553876
924,120.678565447,31.2482300197
925,120.633635856,31.2818646863
926,120.642773897,31.2865568693
927,120.680868832,31.3217319643
928,120.638331524,31.3297100713
929,120.653498899,31.328689277
930,120.610078265,31.3298561271
931,120.626889327,31.3125871215
932,120.653388373,31.2686845974
933,120.64455183,31.2785514297
934,120.637785003,31.2753181619
935,120.611780023,31.321525511
936,120.672707176,31.2902978864
937,120.660529461,31.2948107107
938,120.610671704,31.2680355339
939,120.622804092,31.312055861
940,120.671555672,31.2305613418
941,120.627830165,31.2702369865
942,120.680553501,31.260311056
943,120.630895609,31.3229090169
944,120.635512806,31.3206121935
945,120.612129919,31.3114257197
946,120.668593741,31.2554055619
947,120.629874671,31.3051698528
948,120.641722252,31.3123961486
949,120.610489955,31.314851494
950,120.63494669,31.3227197981
951,120.673020357,31.2468353152
952,120.628798365,31.2982188306
953,120.630943099,31.3077851704
954,120.61986406,31.3031811469
955,120.679243056,31.3192563939
956,120.624767556,31.31418451
957,120.610462004,31.2718670045
958,120.636014254,31.255074923
959,120.680694081,31.3226798631
960,120.649961355,31.2684939523
961,120.637191099,31.2783905333
962,120.633510383,31.3138074608
963,120.681871842,31.2944464455
964,120.630484583,31.3105926903
965,120.628164318,31.315412182
966,120.64101013,31.3148282163
967,120.660774388,31.2918293143
968,120.625139726,31.3111635876
969,120.650018755,31.2560361166
970,120.66774767,31.3173341509
971,120.652948803,31.2366127619
972,120.623445367,31.2788594981
973,120.674088147,31.3117676497
974,120.671272753,31.3024365588
975,120.636637361,31.2804836767
976,120.613630896,31.3155027
977,120.62361142,31.3232056947
978,120.657560598,31.2421089781
979,120.628279131,31.3145628885
980,120.663474718,31.2606531713
981,120.64344144,31.2474527856
982,120.686722104,31.3186621461
983,120.629057813,31.3105136567
984,120.637999347,31.3130217931
985,120.683303575,31.2602376434
986,120.674105208,31.314103763
987,120.658041023,31.3113974528
988,120.661425369,31.2948149615
989,120.649077461,31.3165694282
990,120.630073994,31.3036665196
991,120.678154629,31.3020109912
992,120.617154113,31.2991380501
993,120.656410938,31.2743701553
994,120.683769337,31.2988812566
995,120.625272289,31.2674059042
996,120.661232399,31.2690962273
997,120.642623518,31.2634799153
998,120.612736161,31.3152869527
999,120.653117727,31.2713028752
1000,120.627591896,31.3180170685
1001,120.631474947,31.3192059659
1002,120.637297304,31.2627955367
1003,120.620622928,31.3228215281
1004,120.620343263,31.278591021
1005,120.636123713,31.3179503501
1006,120.627958478,31.2366952977
1007,120.684869208,31.3058042355
1008,120.643200891,31.2511980227
1009,120.685702929,31.3119086147
1010,120.666682295,31.2838671714
1011,120.652817656,31.2418100017
1012,120.628745133,31.3129368558
1013,120.692691191,31.3018998446
1014,120.623861435,31.2758908477
1015,120.680706569,31.2676407777
1016,120.669329266,31.3085019545
1017,120.637461874,31.2587521506
1018,120.622986984,31.3109617164
1019,120.630090068,31.3159527069
1020,120.67834043,31.3235271609
1021,120.633854632,31.3276575241
1022,120.631314724,31.2960448817
1023,120.627908996,31.2675898079
1024,120.618202566,31.3136289502
1025,120.627441197,31.2760616028
1026,120.639045933,31.3049974945
1027,120.654095438,31.3266010018
1028,120.674725248,31.3229307034
1029,120.624857355,31.312318566
1030,120.672807026,31.3203162126
1031,120.647216915,31.2998150406
1032,120.665525303,31.2941095001
1033,120.619558857,31.3049688888
1034,120.633826993,31.3052673402
1035,120.63874952,31.3101420045
1036,120.650950314,31.3096479788
1037,120.630494315,31.301291229
1038,120.610658172,31.2312642101
1039,120.622155425,31.2846939311
1040,120.677815919,31.2516775198
1041,120.67080354,31.2782879114
1042,120.616490198,31.3223028842
1043,120.640672169,31.3149084531
1044,120.677215588,31.2937942866
1045,120.6781433,31.3175909957
1046,120.673270063,31.318260729
1047,120.621095696,31.3199700395
1048,120.630704826,31.3240899472
1049,120.646405716,31.3053438367
1050,120.613566837,31.3121613416
1051,120.627184997,31.2815542848
1052,120.636597666,31.3160276334
1053,120.670809106,31.2350773558
1054,120.617313304,31.3192776594
1055,120.638885346,31.3073190414
1056,120.680589348,31.2626428323
1057,120.680298662,31.2544695965
1058,120.629179817,31.3096585389
1059,120.682058575,31.3230365497
1060,120.629727799,31.3280610843
1061,120.664671187,31.3023945118
1062,120.669340766,31.3024621879
1063,120.636086258,31.2514393319
1064,120.642894724,31.2682463477
1065,120.63424425,31.3261295512
1066,120.681816125,31.3241244328
1067,120.622017301,31.2437631467
1068,120.66852178,31.2937231136
1069,120.670850187,31.3178806066
1070,120.670544023,31.2613918711
1071,120.626369337,31.3143892486
1072,120.710703405,31.3293172616
1073,120.659476667,31.3062669177
1074,120.618652019,31.3112729687
1075,120.650314909,31.2941112675
1076,120.674709014,31.2361308182
1077,120.632905407,31.3047912111
1078,120.634120858,31.2785538257
1079,120.626442334,31.3257650391
1080,120.619260818,31.3049207626
1081,120.627829234,31.3171314872
1082,120.661509628,31.2934103518
1083,120.648175541,31.2473556664
1084,120.644044246,31.3088023498
1085,120.630686229,31.3282376506
1086,120.612910952,31.3217806384
1087,120.611465716,31.3122440908
1088,120.630241176,31.3129519163
1089,120.612468198,31.3217241189
1090,120.621638167,31.2614744967
1091,120.625746726,31.2954683084
1092,120.619352861,31.3062479084
1093,120.625437729,31.3093193544
1094,120.633158964,31.3155733249
1095,120.610671671,31.259338441
1096,120.625495158,31.3288866903
1097,120.610435885,31.3033116675
1098,120.652855828,31.2328010588
1099,120.650744143,31.2939837404
1100,120.61015909,31.2774290514
1101,120.658704533,31.2804971779
1102,120.632905627,31.3051996184
1103,120.623199322,31.2802918289
1104,120.675540557,31.3296933221
1105,120.642199736,31.273736673
1106,120.623145869,31.2806321433
1107,120.674286255,31.2937402081
1108,120.630159118,31.315606123
1109,120.632784839,31.3176715997
1110,120.635237081,31.3214759429
1111,120.675597604,31.3186492018
1112,120.618746197,31.2893828867
1113,120.675985036,31.2699722633
1114,120.654634736,31.2820203866
1115,120.648220315,31.3265553969
1116,120.634701841,31.2371101672
1117,120.631682783,31.2930676909
1118,120.624277598,31.273113084
1119,120.628569925,31.3137547329
1120,120.623329859,31.3088194468
1121,120.671098115,31.2560611435
1122,120.689935007,31.3119793777
1123,120.617108617,31.3211043076
1124,120.68209345,31.311876227
1125,120.682271127,31.3220016669
1126,120.636559645,31.3162440426
1127,120.661448436,31.2934430632
1128,120.668116684,31.298463397
1129,120.612350884,31.3109798455
1130,120.631010773,31.3049309891
1131,120.68322288,31.2322251824
1132,120.611629631,31.3061840383
1133,120.646655487,31.2682749042
1134,120.638824629,31.3082914409
1135,120.681391887,31.3196233433
1136,120.629920765,31.3048771238
1137,120.719367318,31.3287274731
1138,120.619056898,31.3260272039
1139,120.67386323,31.2813461451
1140,120.620853475,31.2731840984
1141,120.649204801,31.2736221412
1142,120.641997928,31.3124239215
1143,120.6295233,31.3077139166
1144,120.629489262,31.267567556
1145,120.676907094,31.3232900063
1146,120.619688925,31.3042136026
1147,120.626739324,31.3234834175
1148,120.638158937,31.3101142706
1149,120.629989804,31.3042213227
1150,120.669288544,31.3042137144
1151,120.65162179,31.305183883
1152,120.644142932,31.2807996229
1153,120.627842613,31.2731917528
1154,120.666122387,31.2884089573
1155,120.632643246,31.3136527915
1156,120.638292397,31.3144651053
1157,120.650767261,31.2940769895
1158,120.660816806,31.3297984178
1159,120.643402075,31.2942890746
1160,120.675494923,31.2724757006
1161,120.648100987,31.2424475221
1162,120.688237807,31.2985442184
1163,120.622178846,31.2365083072
1164,120.645845062,31.2737200942
1165,120.62724869,31.3195284173
1166,120.668692157,31.2563159368
1167,120.618139567,31.3114768439
1168,120.635425265,31.2703334011
1169,120.64058223,31.2625186114
1170,120.680428716,31.3238783209
1171,120.641540985,31.3067579074
1172,120.642625331,31.2614977692
1173,120.67185713,31.2513920909
1174,120.641192605,31.2994703169
1175,120.637041727,31.3143078013
1176,120.667628451,31.2575848153
1177,120.647687718,31.2634429841
1178,120.643596393,31.2330784041
1179,120.683430118,31.2627140259
1180,120.628057758,31.3154025097
1181,120.643619948,31.2392301218
1182,120.646647336,31.2683894431
1183,120.63615671,31.2479276573
1184,120.610009893,31.2835535331
1185,120.660761232,31.3028145954
1186,120.688248879,31.3059808493
1187,120.645211653,31.2785544523
1188,120.642493811,31.2710515285
1189,120.656704919,31.3161400802
1190,120.626944751,31.3038476362
1191,120.678427692,31.3118120474
1192,120.677684005,31.2544708739
1193,120.633812203,31.2813311559
1194,120.667484153,31.25643598
1195,120.659645036,31.2364655583
1196,120.638047031,31.2735566389
1197,120.626845834,31.3225351293
1198,120.637563545,31.2445733872
1199,120.67101303,31.2572968737
1200,120.638394418,31.2709102971
1201,120.634998368,31.2989798813
1202,120.641393509,31.3138082641
1203,120.672601968,31.3212899071
1204,120.630816487,31.2992840089
1205,120.642765452,31.2588953028
1206,120.610815,31.2613848228
1207,120.677202574,31.3220320156
1208,120.633897323,31.2803510416
1209,120.672037094,31.3290285978
1210,120.628386684,31.3145554252
1211,120.6925077,31.2987056394
1212,120.63973797,31.2627392465
1213,120.682310237,31.3230805504
1214,120.615060149,31.2842493906
1215,120.675179859,31.3207366645
1216,120.673906929,31.24357842
1217,120.643121858,31.2548412433
1218,120.678559684,31.3141935419
1219,120.657558795,31.2470010099
1220,120.619097757,31.292254246
1221,120.635800413,31.2627934957
1222,120.666573997,31.3280096337
1223,120.631782342,31.2930735673
1224,120.634537905,31.2751488189
1225,120.667385681,31.2555639342
1226,120.610702965,31.2667152901
1227,120.663858022,31.2591818657
1228,120.633627708,31.3067651487
1229,120.666779744,31.3117130882
1230,120.644978667,31.315852693
1231,120.642584302,31.3051945704
1232,120.652876777,31.3001280186
1233,120.66701102,31.3217752939
1234,120.736078914,31.2926290572
1235,120.732965631,31.2747643853
1236,120.820517605,31.3195326489
1237,120.754812546,31.3148993386
1238,120.757826423,31.2555497206
1239,120.754571726,31.3268457554
1240,120.733864654,31.3188902637
1241,120.821360346,31.2870721228
1242,120.765163148,31.2627975146
1243,120.82304225,31.3131905177
1244,120.7970173,31.3129231972
1245,120.765710919,31.2922267418
1246,120.763215841,31.3151754142
1247,120.743668856,31.2779418716
1248,120.82731008,31.2874052705
1249,120.752159927,31.3056843636
1250,120.740745157,31.2842760021
1251,120.755524609,31.3025654222
1252,120.777548767,31.2864538011
1253,120.814941807,31.3201197467
1254,120.810031431,31.3136754564
1255,120.759949315,31.3039636907
1256,120.828781014,31.287402641
1257,120.740523583,31.3056415748
1258,120.823868437,31.2871244497
1259,120.824802294,31.2733913774
1260,120.78564073,31.3223912223
1261,120.741895435,31.2817508574
1262,120.804575375,31.3239113215
1263,120.765749821,31.2998794732
1264,120.733259075,31.3247149392
1265,120.752332789,31.2974319314
1266,120.764344318,31.2796009531
1267,120.822317425,31.3156711776
1268,120.733314245,31.3190690517
1269,120.752211682,31.3026453877
1270,120.762656441,31.2836448568
1271,120.75617438,31.2600847459
1272,120.80224403,31.3151679579
1273,120.743865468,31.3078265461
1274,120.79681518,31.316207913
1275,120.786076508,31.3157927047
1276,120.786534861,31.3085533428
1277,120.772613802,31.3081302932
1278,120.750941412,31.2819489334
1279,120.740597216,31.2987709092
1280,120.765696309,31.2896054117
1281,120.765710306,31.276490878
1282,120.739921649,31.319582297
1283,120.767845123,31.3080164933
1284,120.727517895,31.3261090184
1285,120.777081661,31.2920122611
1286,120.740644875,31.2861182966
1287,120.815470212,31.3182395677
1288,120.734074085,31.2666426027
1289,120.829338581,31.324715131
1290,120.767152559,31.3212803084
1291,120.757485873,31.2924308216
1292,120.731443407,31.2857144367
1293,120.796359297,31.3231988409
1294,120.744574566,31.2980343714
1295,120.74709048,31.3149951396
1296,120.817273464,31.310255327
1297,120.765674142,31.2866350989
1298,120.755188943,31.2727087696
1299,120.768609987,31.27106024
1300,120.730924081,31.3056120192
1301,120.824893981,31.3066091341
1302,120.802679899,31.3108393856
1303,120.72694183,31.3296109968
1304,120.827623805,31.307132143
1305,120.763822604,31.3079296125
1306,120.766752539,31.2583258427
1307,120.785191615,31.3292896981
1308,120.762505734,31.2691184492
1309,120.750507832,31.3203079827
1310,120.736631218,31.3214574556
1311,120.783121566,31.2470956322
1312,120.824016497,31.3091717162
1313,120.760363075,31.2744685031
1314,120.7440329,31.3056370735
1315,120.751612422,31.2586615296
1316,120.811904612,31.3048899737
1317,120.756966209,31.2579294656
1318,120.824457045,31.3186693088
1319,120.766062057,31.2603289679
1320,120.797497966,31.3057537943
1321,120.776809722,31.3147999463
1322,120.799820167,31.3130650409
1323,120.776735155,31.3082374507
1324,120.775754216,31.3285065721
1325,120.731086788,31.2815910288
1326,120.746911168,31.3261783529
1327,120.809049679,31.3243109473
1328,120.730587168,31.3148173558
1329,120.746989787,31.3282307158
1330,120.739667883,31.3254426372
1331,120.828667994,31.3026429245
1332,120.75264658,31.2782058437
1333,120.747095527,31.320085154
1334,120.740560088,31.3021699046
1335,120.744276385,31.302213932
1336,120.732412981,31.3202418246
1337,120.810008796,31.3209102114
1338,120.766815362,31.3278303568
1339,120.759209888,31.251870601
1340,120.797280056,31.3090246898
1341,120.754788067,31.3205758783
1342,120.776928582,31.297312493
1343,120.750431142,31.3265313578
1344,120.733554362,31.3214075305
1345,120.739585766,31.3274704626
1346,120.755702671,31.3049646119
1347,120.747870171,31.2925675214
1348,120.77395531,31.2920577169
1349,120.772480806,31.3215832083
1350,120.828835942,31.2826966775
1351,120.766142356,31.2837158507
1352,120.82700357,31.3098274835
1353,120.756084318,31.286511867
1354,120.745339872,31.2936094645
1355,120.740547185,31.3080954024
1356,120.825885132,31.3139448161
1357,120.809079663,31.3169311293
1358,120.806994326,31.3241298846
1359,120.786723599,31.3054119949
1360,120.754924919,31.2924919362
1361,120.759746231,31.2781750858
1362,120.736789633,31.3194062606
1363,120.783015897,31.2464015752
1364,120.802830924,31.3093432992
1365,120.765717852,31.2947509558
1366,120.812570797,31.3281997307
1367,120.740588865,31.2926211934
1368,120.802109015,31.3164869568
1369,120.762991739,31.3210386246
1370,120.811671064,31.3064260191
1371,120.737507096,31.2816001989
1372,120.767452624,31.3152692452
1373,120.731227892,31.2926257979
1374,120.807999287,31.3206031206
1375,120.802447157,31.3132143739
1376,120.728561996,31.3052794123
1377,120.734052292,31.3148410919
1378,120.730908147,31.303852585
1379,120.814511338,31.3215932973
1380,120.764756345,31.2639891047
1381,120.734884944,31.3010665175
1382,120.728203471,31.3237555499
1383,120.811157814,31.3098124186
1384,120.729591013,31.3199136997
1385,120.762707471,31.3275100109
1386,120.750579941,31.3150009724
1387,120.80772695,31.3135241434
1388,120.73401082,31.3196068945
1389,120.739947227,31.3219429067
1390,120.772512573,31.315389581
1391,120.787472479,31.2696013687
1392,120.816450442,31.3141246442
1393,120.805633273,31.3202448455
1394,120.753306646,31.2925237068
1395,120.740108833,31.3149023237
1396,120.746998374,31.3222834317
1397,120.825212879,31.3164766528
1398,120.765749282,31.2976354945
1399,120.813567252,31.3247604673
1400,120.776533397,31.3218299069
1401,120.747208693,31.2705167026
1402,120.7330778,31.326763849
