0: 9 330 187 30
1: 371 333 392 190
2: 173 112 168
3: 364 64
4: 379 399 45
5: 26 25 336 231
6: 1307 18 355
7: 357 108
8: 355 243 216
9: 457 0 55 127
10: 264 176 410
11: 20 194 122
12: 1104 324 307
13: 391 124 58
14: 131
15: 28 176 468
16: 411 304 420 352
17: 147 96
18: 6 75 119
19: 92 381
20: 730 11 684
21: 379 299 928
22: 258 346 438
23: 266 94
24: 165 83 214 113
25: 5 463 1137 37
26: 5 336
27: 333 107 312 423
28: 15 382
29: 468 33 489
30: 0 127
31: 363 316
32: 184 430
33: 29 176 370
34: 105 171 91
35: 395 200 290
36: 169
37: 231 25 406
38: 142 204 161
39: 76 85 120 143
40: 348 400 189
41: 342 378
42: 215 229
43: 420 317 366
44: 354 58 287
45: 4 52 832
46: 288 107 95 225
47: 285 322
48: 391 287 354 202
49: 294 1324 158
50: 417 102 296 163
51: 364 112
52: 1096 45
53: 133 210 327
54: 363 67 104
55: 174 9 252 187
56: 409 425 301
57: 152 201
58: 13 182 44 86
59: 345 169 93
60: 217 97 433
61: 94 217 109
62: 120 328 79
63: 334 163 404
64: 3 409 242 364
65: 254 144
66: 157 177 205
67: 102 54
68: 714 402 470 71
69: 209 114
70: 331 300 418 185
71: 170 166 68 211
72: 267 408 155
73: 452 412 443 427
74: 305 213 330
75: 18 158 376
76: 461 39 328 225
77: 118 417 197
78: 260 332
79: 62 356 206 171
80: 164 303 295
81: 152 453 103
82: 204 298
83: 24 459 343
84: 127 440 125
85: 39 223 456 291
86: 58 132 331
87: 322 423 435
88: 437 182
89: 456 120 311
90: 130 110 364 930
91: 34 356 157
92: 450 19 385
93: 374 337 59
94: 139 61 23
95: 240 46 448
96: 17 257
97: 60 117 372 413
98: 302 313 256 289
99: 1345 172 451 250
100: 352 455 432 245
101: 307 231 923
102: 50 236 353 67
103: 145 81 164
104: 54 430 183
105: 249 157 34
106: 408 246 421 193
107: 46 131 27 321
108: 7 345 357
109: 342 365 61
110: 90 138 930
111: 284 278 254
112: 2 178 51
113: 24 343
114: 69 322 285
115: 240 149 448
116: 464 460
117: 333 132 97 219
118: 206 77 147
119: 18 258 367 376
120: 62 39 89
121: 1104 915 307
122: 11 419 684
123: 238 257 436
124: 13 437 134 439
125: 84 454 137
126: 317 245 152
127: 9 84 30 457
128: 463 172 268
129: 194
130: 419 90 660
131: 107 14 465
132: 117 434 86
133: 281 53 396
134: 124 304 391
135: 408 154 427 193
136: 161 142 442
137: 125 407 440
138: 110
139: 178 94 327
140: 431 263 273
141: 349 195 234
142: 38 298 136
143: 39 225 291
144: 360 65 278
145: 390 103 366 181
146: 428 358 151
147: 118 17 436
148: 226 251 222
149: 388 115 359 329
150: 237 384 191
151: 146 153 269 221
152: 81 57 126
153: 430 151 184
154: 135 412
155: 295 72 303 175
156: 432 167 279
157: 105 66 91
158: 49 398 75
159: 266 178
160: 195 206 348
161: 38 308 136 403
162: 205 356
163: 50 63 353
164: 181 80 103
165: 24
166: 71 441 402 282
167: 254 284 156
168: 2 272 424 281
169: 59 36 337
170: 71 401
171: 34 79 311
172: 128 350 99 235
173: 242 2
174: 247 55 458
175: 452 408 155 427
176: 33 10 441 15
177: 66 238
178: 112 139 396 159
179: 875 263
180: 318 321 1380
181: 145 265 164
182: 58 88 413 274
183: 316 104 221 363
184: 32 153
185: 70 434 383
186: 258 376 438
187: 458 0 55
188: 375 199 202
189: 40 227
190: 1 219 200
191: 352 338 278 150
192: 197 404
193: 135 106
194: 11 230 129 450
195: 323 160 141
196: 461 220 328
197: 257 77 192
198: 309 421 212
199: 188 418 426 320
200: 190 323 35
201: 449 57 453
202: 310 418 48 188
203: 414 431 393
204: 38 82 403
205: 162 66 436
206: 160 118 79
207: 399 273
208: 449 280
209: 219 69
210: 217 437 53 413
211: 71 276 282
212: 387 267 198
213: 462 74
214: 24 459
215: 42 335 445
216: 8 258 367 346
217: 61 60 210
218: 382 473
219: 117 190 209
220: 196 359
221: 358 430 151 183
222: 148 465
223: 85 249
224: 424 325
225: 46 143 76
226: 148 312 308
227: 189 329 388
228: 313 369 261
229: 42 462 445
230: 450 315 194 394
231: 101 37 306 5
232: 445 462 305
233: 1158 324 1222
234: 290 416 141
235: 406 340 172
236: 102 332
237: 338 150
238: 177 123
239: 402 468 489 370
240: 329 95 115
241: 284
242: 397 173 64
243: 1358 8 347 341
244: 253
245: 126 449 100
246: 106 386 297
247: 174 335
248: 325 407
249: 223 105 444
250: 99 1329
251: 403 148 308
252: 55 457
253: 244 277
254: 167 65 111 432
255: 276 339 422
256: 98 313
257: 96 318 123 197
258: 216 186 119 22
259:
260: 353 78 377
261: 289 228 313
262: 447 373 415
263: 1115 140 179 393
264: 10 441 405
265: 426 181 293
266: 342 23 159
267: 212 72 421
268: 128 451
269: 1289 151 428
270: 365 392 433
271: 1072 336
272: 168 439 281 361
273: 140 207
274: 326 182
275: 283
276: 211 255 351
277: 253
278: 111 144 191 360
279: 156 455 283
280: 208 326 455 297
281: 168 133 292 272
282: 166 351 211
283: 275 279
284: 241 111 384 167
285: 47 114
286: 395 349 290
287: 44 418 48 331
288: 461 46 448
289: 98 447 261
290: 35 234 286
291: 143 85
292: 281 396
293: 300 446 265
294: 350 49 1385 398
295: 155 80 452
296: 358 50 316
297: 309 326 280 246
298: 82 142
299: 21 875
300: 70 293 320 383
301: 56 397
302: 98 351 405
303: 80 389 155
304: 134 16 310
305: 319 74 232
306: 231
307: 12 101 121
308: 161 226 442 251
309: 389 297 198
310: 391 375 304 202
311: 171 444 89
312: 226 27 465 442
313: 98 228 256 261
314: 421
315: 230 397
316: 31 296 183
317: 43 126 453
318: 257 180
319: 335 305 445
320: 199 300
321: 180 107 353
322: 47 362 114 87
323: 200 195 371
324: 233 12 1209
325: 440 248 224
326: 280 274 297
327: 139 53 396
328: 196 62 76
329: 227 240 149
330: 0 74
331: 287 86 70
332: 236 78 377
333: 1 117 413 27
334: 63 417
335: 215 458 247 319
336: 26 271 5
337: 93 169
338: 191 394 237
339: 255 422
340: 235 398 350
341: 243 1366
342: 109 41 266
343: 83 113
344: 409
345: 108 59 374
346: 22 216
347: 1293 355 1307 243
348: 423 40 160
349: 141 286
350: 172 294 1343 340
351: 282 276 302
352: 439 100 191 16
353: 321 102 163 260
354: 44 48
355: 6 8 347 367
356: 91 79 162
357: 7 374 108
358: 221 146 296
359: 400 461 220 149
360: 144 278
361: 394 272
362: 322 435
363: 31 54 183
364: 3 51 64 90
365: 109 270 378
366: 43 145 411 453
367: 355 119 216
368:
369: 228 422
370: 33 239 441
371: 1158 1 414 323
372: 97 433
373: 262 380 415
374: 357 93 345
375: 310 390 411 188
376: 75 186 119
377: 260 332
378: 399 365 41
379: 784 4 21
380: 410 373
381: 19
382: 28 218 385 505
383: 300 464 185
384: 150 284
385: 92 382 410
386: 246 429
387: 389 212
388: 149 400 227
389: 303 309 387
390: 375 145 420 426
391: 13 310 134 48
392: 270 1 431
393: 263 414 928 203
394: 230 424 361 338
395: 35 286
396: 178 133 292 327
397: 315 242 301
398: 340 158 294
399: 4 378 207
400: 40 359 388
401: 714 170
402: 68 239 506 166
403: 204 251 161
404: 63 192
405: 264 447 302 410
406: 37 235 463
407: 137 248
408: 175 106 72 135
409: 56 64 344
410: 10 380 405 385
411: 16 375 366
412: 73 460 154
413: 210 333 97 182
414: 393 371 929 203
415: 262 373
416: 234
417: 77 50 334
418: 287 199 202 70
419: 122 130 586 425
420: 16 43 390
421: 198 106 267 314
422: 255 339 369
423: 27 348 87
424: 394 224 168
425: 419 56
426: 199 265 390
427: 73 135 175
428: 1236 146 269
429: 386
430: 221 32 153 104
431: 140 203 392
432: 156 100 254
433: 60 270 372
434: 132 185
435: 87 362
436: 123 205 147
437: 210 124 88
438: 22 186
439: 272 352 124
440: 84 325 137
441: 166 176 370 264
442: 136 312 308
443: 464 73 446 460
444: 311 249 456
445: 215 232 229 319
446: 293 452 443
447: 289 262 405
448: 95 115 288
449: 245 208 201
450: 92 230 194
451: 1303 99 1402 268
452: 446 175 295 73
453: 317 81 366 201
454: 125
455: 100 279 280
456: 89 85 444
457: 9 252 127
458: 335 187 174
459: 83 214
460: 116 412 443
461: 196 288 359 76
462: 229 213 232
463: 25 128 1303 406
464: 443 383 116
465: 312 131 222
466: 702 576 553
467: 509 737 653 511
468: 640 29 239 15
469: 692 668 533
470: 68 547 729
471: 688 532 625 539
472: 696 684 556
473: 646 218 651
474: 646 696 651
475: 537 723 722 489
476: 743 726 581 482
477: 694 700 526
478: 572
479: 676 710 708 662
480: 585 643 699 610
481: 544 689 711
482: 663 537 476
483: 608 571 538 600
484: 666 502 498 645
485: 501 561 594 531
486: 632 513 734
487: 541
488: 710 548 662
489: 592 29 475 239
490: 575 743 613
491: 733 656 614
492: 507 646 624
493: 715 716 503
494: 741 679 747 626
495: 592 639
496: 610 650 665
497: 580 522
498: 539 706 527 484
499: 659 1317 564 627
500: 595 544
501: 513 485 665 670
502: 484 617 706 565
503: 739 718 493
504: 702 569 576 935
505: 723 646 382 624
506: 663 402 729 549
507: 565 492 666 556
508: 598 723 624
509: 568 467 644
510: 739 589
511: 727 467 545 725
512: 581 649 693
513: 681 501 486 705
514: 628
515: 530 699 685 724
516: 604 641 637
517: 698 592 750
518: 745 587
519: 604 593 750
520: 663 729
521: 708 744 677
522: 497 688 591 625
523: 594 688 591 561
524: 527 722 649 596
525: 720 638 540
526: 477 600 604 608
527: 532 524 602 498
528: 553 557
529: 717 648 566
530: 515 650
531: 485 635 670 738
532: 471 527 579
533: 469 558 612
534: 742 695 686 536
535: 629 644 731
536: 534 816 621 1184
537: 482 475 726 703
538: 483 620 543
539: 584 498 471 647
540: 571 525
541: 623 487 606
542: 714
543: 538 571
544: 727 716 500 481
545: 704 511 595
546: 611 652 676 749
547: 575 714 470
548: 488 741 652 721
549: 506 703
550: 606 657
551: 602 743 581
552: 695 609 671 562
553: 716 528 466
554: 661 560 705
555: 639 661
556: 712 472 507
557: 528 599 630
558: 533 677 573
559: 601 672
560: 554 564
561: 485 584 523 738
562: 603 621 552 588
563: 682 618 606
564: 560 499 746
565: 645 507 502 712
566: 529 642 707
567: 597 675 618 731
568: 636 509 704
569: 654 504 631
570: 677 710 708 609
571: 483 540 543 735
572: 599 660 478
573: 558 612
574: 667 642 631
575: 547 490
576: 466 930 504
577: 592 619 709
578: 641 637 701
579: 580 602 532
580: 497 579 585 625
581: 476 551 512
582: 749 747
583: 635 656 733
584: 561 539 688
585: 480 580 587 665
586: 678 419 630
587: 585 720 518
588: 562 877 864
589: 679 712 645 510
590: 682 695 618 671
591: 522 523
592: 495 489 517 577
593: 519 685
594: 523 745 485 632
595: 718 500 545
596: 706 598 524
597: 609 567 629
598: 596 508 722 666
599: 678 557 572
600: 526 483
601: 731 675 559 636
602: 579 551 613 527
603: 562 622 759
604: 713 519 526 516
605: 622 1097
606: 541 550 748 563
607: 655 643 633
608: 483 620 526
609: 552 597 570
610: 480 496
611: 673 732 683 546
612: 533 573
613: 602 490
614: 491 728 627
615: 691 692
616: 737 664 717
617: 502 647 674
618: 567 563 590
619: 650 734 577 632
620: 694 538 608
621: 695 864 536 562
622: 603 653 644 605
623: 541
624: 505 666 508 492
625: 580 471 522
626: 494 672
627: 499 691 614
628: 514
629: 597 535
630: 751 557 586
631: 707 654 574 569
632: 486 619 594
633: 720 643 607
634: 733 673 635 708
635: 683 583 531 634
636: 601 568
637: 516 713 578
638: 525
639: 495 681 555
640: 723 468
641: 516 698 578 750
642: 690 707 566 574
643: 633 480 607
644: 509 535 622
645: 674 565 484 589
646: 505 474 492 473
647: 617 658 539 740
648: 529 1129
649: 512 524 719
650: 496 619 530 709
651: 473 669 474
652: 662 546 548
653: 622 467 1097
654: 631 756 949 569
655: 607 699
656: 583 659 670 491
657: 550 957 748 668
658: 647 683 732
659: 656 499 746
660: 572 130 678
661: 681 554 555
662: 479 652 488
663: 520 482 743 506
664: 616 1132
665: 585 501 496 745
666: 624 484 598 507
667: 574 702 687
668: 469 682 657 742
669: 651 696
670: 501 656 531
671: 590 552 686
672: 741 559 721 626
673: 634 611 676
674: 740 645 617 679
675: 567 739 601 715 704
676: 673 479 546
677: 558 570 521
678: 599 586 660
679: 494 589 674
680: 751 684
681: 513 639 734 661
682: 668 590 563 686
683: 658 635 738 611
684: 472 20 680 122
685: 593 515
686: 682 534 742 671
687: 689 690 736 667
688: 523 471 522 584
689: 481 687 711
690: 687 642
691: 627 615 728
692: 469 615
693: 726 719 512
694: 477 620
695: 534 552 590 621
696: 474 472 669
697: 712
698: 701 517 641
699: 515 480 709 655
700: 477 713
701: 698 578
702: 667 466 736 504
703: 549 537
704: 675 545 568 718
705: 513 746 554
706: 498 596 502
707: 642 631 566 949
708: 521 479 634 570
709: 650 699 577
710: 570 488 479
711: 725 481 727 689
712: 589 556 565 697
713: 700 604 637
714: 542 68 547 401
715: 675 751 730 493
716: 544 553 493 736
717: 725 529 616
718: 503 595 704
719: 693 722 649
720: 633 525 587
721: 548 672
722: 524 475 719 598
723: 508 640 475 505
724: 515 735
725: 737 711 511 717
726: 476 693 537
727: 511 544 711
728: 614 691 744
729: 470 506 520
730: 739 20 715
731: 567 601 535
732: 611 740 658 749
733: 491 634 583 744
734: 486 619 681
735: 571 724
736: 716 687 702
737: 467 616 725
738: 561 683 531
739: 675 730 510 503
740: 732 674 647 747
741: 548 494 749 672
742: 534 668 686
743: 551 663 490 476
744: 733 521 728
745: 518 594 665
746: 705 659 564
747: 740 494 582
748: 1226 606 755 657
749: 546 582 732 741
750: 519 517 641
751: 715 680 630
752: 1065 1021
753: 905 782
754: 1065 1048 771 912
755: 789 748 1095
756: 654 976 935 998
757: 1175 1052 1156
758: 1225 902 1227
759: 603 889 1220 992
760: 1042 1123 1003 807
761: 1035 1156 948
762: 855 911
763: 1223 1159 793
764: 1022 1204 1201
765: 863 1042
766: 956 939 891 1024
767: 853 1096 1060
768: 1116 848 840
769: 1094 780
770: 885 943 849 950
771: 754 1060 1079 1021
772: 819 1028 1203
773: 1167 897 1024
774: 895 970 986
775: 1168 868 1200
776: 1197 912 977 1147
777: 988 1185 903
778: 833 963 1044
779: 950 1065 1048
780: 769 1109 836
781: 1088 1155 878
782: 753 855 845
783: 1095 879 1067 1090
784: 379 928 1021 1085
785: 854 1054 831
786: 1171 1134 1084
787: 978 1011
788: 1080 1167 1074 858 882 1092
789: 1095 755 1038 1163
790: 1203 860 819
791: 1107 834 936 852
792: 814 1013 1162 1186
793: 926 893 763 1187
794: 1120 1018 800
795: 1214 850 1112 881
796: 1082 937 988 1032
797: 934 961 907
798: 1047 1003 857 1123
799: 844 1207 1215 921
800: 794 983 1093 968
801: 1011 865
802: 1161 1198 1181 981
803: 1171 828
804: 982 888 1122
805: 1130 990 1077
806: 1207 959 921 1020
807: 1138 760 832
808: 962 1094 892
809: 900 1114 1157
810: 907 811 815
811: 1105 810 907
812: 966 1230 928
813: 955 921
814: 1007 991 792 994
815: 810 961 933
816: 536 1100 1184
817: 909 873
818: 1203 1207 1215 1028
819: 1233 772 790
820: 970 1233 887
821: 822 999 960 1141
822: 1188 821 1182 1164
823: 1090 1140 938 995
824: 1174 1031 1159 1231
825: 1143 1058 880
826: 1025 972 1078
827: 1010 909 1041
828: 910 803 1026 839
829: 831 861 857
830: 1192 906 1070 942
831: 785 891 1047 829
832: 45 930 807
833: 1128 778 852 974
834: 791 1068 883
835: 1057 1113 1315
836: 1126 1005 780
837: 1129 992
838: 1154 1032 1082 936
839: 899 1034 828
840: 768 1178
841: 1201 1174 1026
842: 1027 929 1115
843: 999 932 993
844: 1045 799 1111 955
845: 782 889 954
846: 870 1155
847: 1041 1160
848: 768 971 1178 1181
849: 1165 914 770
850: 795 893 1039
851: 1223 1022 904
852: 1107 791 833 883
853: 1079 767
854: 863 891 785 1024
855: 782 762 954 1190
856: 1216 890 924
857: 798 829 977 914
858: 1132 788
859: 1219 884
860: 1069 790 1030
861: 891 1000 829 922
862: 1167 1074 1024
863: 976 854 765 897
864: 621 1039 1184 588
865: 801 884 1083 1219
866: 1005 944
867: 874 1191 920
868: 1153 775 1224 1196
869: 986 1046 1045
870: 876 846 1148
871: 1137 1382 1284
872: 946 1192 1173 1121
873: 1154 1292 817 936
874: 991 867
875: 928 179 299
876: 953 1134 1228 870
877: 588 1112 1214
878: 781 892 1119
879: 783 958 1221 1017
880: 882 825 1093
881: 1004 795 1103
882: 911 1120 788 880
883: 1068 852 834 1128
884: 865 969 1008 859
885: 1001 770 944 1165
886: 1233 1222
887: 1189 1027 989 820
888: 804 923 1213
889: 759 905 845
890: 1076 856
891: 854 861 766 831
892: 878 1108 1210 808
893: 1117 850 793 925
894: 908 1057 942
895: 1016 774 1229 973
896: 1100 1004 1214
897: 773 863
898: 1098 1195
899: 1077 1026 839 1201
900: 1101 1082 809 967
901: 1157 1232 937
902: 1076 758 1053
903: 1032 1158 777 1128
904: 1091 851 952
905: 1091 753 889 952
906: 830 1010 996 1113
907: 797 810 934 811
908: 1192 1057 1040 894
909: 1139 817 827
910: 828 1055 1171
911: 762 882 1092
912: 776 1079 754
913: 983 1012 931
914: 849 1197 943 857
915: 121 1170
916: 1001 1081 1109
917: 995 1118 941
918: 1141 993 999
919: 1166 1176 1199
920: 1016 867 973
921: 799 927 806 813
922: 956 861 1180
923: 888 101 1066
924: 951 856 1040
925: 1193 893 1051
926: 1039 793 1152
927: 921 1125 1135 959
928: 21 875 784 393 812
929: 842 414
930: 90 832 576 110
931: 1029 913 1071
932: 960 843 999
933: 815 1187 1152
934: 1196 797 1224 907
935: 504 1089 756
936: 873 791 838
937: 796 1061 901 988
938: 1226 957 823
939: 1074 1029 1018 766
940: 1053 1131
941: 1023 1153 917 1168
942: 830 985 894 1056
943: 770 1048 914
944: 866 1110 885
945: 1129 1087 1050
946: 1225 872 1166
947: 1136 1143 1190 1149
948: 761 1142 1043
949: 1087 654 707 998
950: 1110 779 770
951: 978 924 1216 1173
952: 905 1204 904
953: 1143 876 964
954: 1080 1146 845 855
955: 813 844 1135
956: 766 1071 922
957: 657 1140 938 1100
958: 1063 879 1217
959: 806 1213 927 1170
960: 932 821 1133
961: 797 975 1078 815
962: 808 1155 1175
963: 778 994
964: 953 1088 983
965: 1180 1081 1108
966: 1043 812 1202
967: 1127 900 1154
968: 800 1029 1018
969: 884 1177 1205
970: 774 820 1069
971: 848 1195 1098 1011
972: 1004 826 1014 1103
973: 895 1191 920
974: 1062 991 833
975: 961 1193 1208 1152
976: 756 863 998
977: 1003 776 857
978: 787 951 1219
979: 1210 1180 1071
980: 1227 996 1070
981: 802 1008 1183
982: 1009 804 1135
983: 1058 913 800 964
984: 1175 1148
985: 942 1179
986: 869 774 1218
987: 1073 1189 1229 1036
988: 1127 777 796 937
989: 1036 1115 1230 887
990: 1037 1136 1149 805
991: 874 974 814
992: 759 837
993: 843 1114 918
994: 963 814 1162
995: 823 1023 917
996: 980 1101 906
997: 1172 1177
998: 756 949 976
999: 821 843 932 918
1000: 1081 1165 861
1001: 916 885
1002: 1017 1221 1212
1003: 760 977 798 1138
1004: 1140 881 896 972
1005: 836 866 1109
1006: 1163 1116
1007: 814 1009 1186
1008: 981 1217 1063 884
1009: 1007 982 1124 1122
1010: 906 1154 827
1011: 787 1161 971 801
1012: 913 1119 1088
1013: 792 1376 1211
1014: 1118 972 1025
1015: 1056
1016: 1150 895 920
1017: 879 1205 1002
1018: 794 939 968
1019: 1108
1020: 1145 1170 806
1021: 752 784 771
1022: 851 764
1023: 995 1144 941
1024: 773 766 862 854
1025: 1153 826 1014
1026: 899 1231 841 828
1027: 887 842
1028: 772 1145 818
1029: 939 931 968
1030: 1046 1203 860 1215
1031: 824 1232 1049
1032: 838 903 796 1068
1033: 1146 1092 1080
1034: 839 1228 1102
1035: 1134 761 1148
1036: 1151 989 987
1037: 1204 990
1038: 789
1039: 864 926 1106 850
1040: 924 908 1173
1041: 847 827
1042: 1086 760 765
1043: 1156 966 948
1044: 778 1107
1045: 1218 844 869
1046: 869 1030 1069 1111
1047: 831 798 1054
1048: 943 754 1197 779
1049: 1231 1031
1050: 945
1051: 925 1106
1052: 757 1126 1094
1053: 940 902 1131
1054: 785 1123 1047
1055: 910 1134 1228
1056: 942 1015 1179
1057: 908 835 894
1058: 825 983 1093
1059: 1125 1213
1060: 771 767 1085
1061: 1062 937 1185
1062: 1150 1061 974
1063: 1183 958 1008
1064: 1188 1182
1065: 779 752 754
1066: 1170 923 1213
1067: 1163 783
1068: 1032 834 883
1069: 860 970 1046
1070: 980 830 1199
1071: 956 931 979
1072: 271 1137
1073: 1185 987 1151
1074: 862 939 788
1075: 1159 1099 1157
1076: 890 1192 902
1077: 805 899 1102
1078: 1224 1208 961 826
1079: 912 853 771
1080: 954 788 1033
1081: 965 1000 916
1082: 900 796 1127 838
1083: 865 1161
1084: 786 1142
1085: 1060 784
1086: 1089 1042
1087: 945 949
1088: 1012 781 964
1089: 935 1086
1090: 783 823 1206
1091: 905 904
1092: 1033 788 911
1093: 880 800 1058
1094: 808 769 1052
1095: 789 1206 755 783
1096: 767 52 1138
1097: 605 1132 653
1098: 971 1178 898
1099: 1157 1075
1100: 957 816 896
1101: 996 900
1102: 1034 1077
1103: 972 1106 881
1104: 1145 12 1209 121
1105: 1188 811 1196 1164
1106: 1103 1039 1051
1107: 791 852 1044
1108: 892 1019 965
1109: 780 916 1005
1110: 944 950
1111: 1215 1046 844
1112: 877 795 1220
1113: 1160 906 835
1114: 993 809 1152
1115: 989 263 842
1116: 768 1006 1198
1117: 893 1223 1220
1118: 1140 1153 917 1014
1119: 1012 1210 878
1120: 882 794
1121: 872 1199 1166
1122: 1186 804 1009
1123: 1054 760 798
1124: 1191 1009 1135
1125: 927 1059
1126: 1052 836
1127: 967 988 1082
1128: 903 833 883
1129: 837 945 648 1167
1130: 805 1136
1131: 940 1053
1132: 664 858 1097
1133: 1177 1182 960
1134: 1055 1035 876 786
1135: 955 982 1124 927
1136: 990 947 1130
1137: 871 25 1072 1303
1138: 807 1096 1003
1139: 1160 909
1140: 957 1118 823 1004
1141: 821 1164 918
1142: 948 1084 1202
1143: 947 825 953
1144: 1023
1145: 1207 1104 1028 1020
1146: 954 1033
1147: 776 1197
1148: 870 1035 984
1149: 990 947
1150: 1062 1016
1151: 1232 1036 1073
1152: 933 926 975 1114
1153: 1118 868 941 1025
1154: 1010 838 967 873
1155: 781 962 846
1156: 761 757 1175 1043
1157: 1099 901 809 1075
1158: 903 371 233
1159: 763 1075 824
1160: 1113 1139 847
1161: 1011 802 1083
1162: 792 994 1211
1163: 1067 789 1006
1164: 822 1187 1105 1141
1165: 1000 849 885
1166: 946 919 1194 1121
1167: 1129 862 788 773
1168: 775 941
1169: 1212 1172
1170: 1020 1066 959 915
1171: 786 910 803
1172: 1205 997 1169
1173: 951 872 1040
1174: 841 824
1175: 984 757 962 1156
1176: 919 1194 1227
1177: 969 1133 997
1178: 848 840 1098
1179: 985 1056
1180: 979 965 922
1181: 848 802
1182: 822 1064 1133
1183: 1198 1063 981
1184: 536 1214 816 864
1185: 777 1073 1061
1186: 792 1122 1007
1187: 933 1164 793
1188: 1200 822 1064 1105
1189: 987 887
1190: 855 947
1191: 867 1218 973 1124
1192: 1076 830 872 908
1193: 1208 925 975
1194: 1166 1225 1176
1195: 971 898
1196: 1200 934 868 1105
1197: 914 776 1147 1048
1198: 802 1183 1116
1199: 919 1121 1070
1200: 775 1188 1196
1201: 764 841 899
1202: 1142 966
1203: 1030 772 790 818
1204: 764 1037 952
1205: 1217 1172 1017 969
1206: 1095 1226 1090
1207: 799 1145 818 806
1208: 1078 1193 975
1209: 1222 1104 324
1210: 1119 979 892
1211: 1162 1013
1212: 1002 1169
1213: 959 888 1059 1066
1214: 1184 795 896 877
1215: 1030 799 1111 818
1216: 856 951
1217: 1008 1205 958
1218: 1191 1045 986
1219: 978 859 865
1220: 1112 759 1117
1221: 879 1002
1222: 1209 886 233
1223: 1117 851 763
1224: 868 1078 934
1225: 758 946 1194
1226: 1206 938 748
1227: 758 980 1176
1228: 1034 876 1055
1229: 987 895
1230: 812 989
1231: 1026 1049 824
1232: 901 1151 1031
1233: 820 886 819
1234: 1373 1367
1235: 1288 1325 1247
1236: 1267 428 1287
1237: 1386 1246 1341
1238: 1317 1306 1339
1239: 1343 1385 1341
1240: 1344 1310 1377
1241: 1342 1258
1242: 1319 1380 1271 1391
1243: 1312 1267 1356
1244: 1340 1274 1322
1245: 1291 1348 1280 1365
1246: 1305 1369 1237 1372
1247: 1235 1332 1401 1261
1248: 1258 1256
1249: 1269 1386 1314 1346
1250: 1261 1286 1371
1251: 1269 1346
1252: 1285 1297
1253: 1287 1379
1254: 1383 1357 1387 1392
1255: 1346 1263
1256: 1248 1350
1257: 1300 1314 1355 1334
1258: 1241 1248 1259
1259: 1391 1258
1260: 1275 1307 1400 1293
1261: 1247 1250 1371 1278
1262: 1393 1293 1358
1263: 1398 1255
1264: 1382 1330 1402 1344
1265: 1394 1269 1294 1398
1266: 1361 1281 1270
1267: 1243 1236 1397
1268: 1336 1344 1388
1269: 1265 1249 1335 1251
1270: 1266 1351
1271: 1315 1242 1317
1272: 1375 1368
1273: 1355 1314
1274: 1244 1293 1275 1368
1275: 1276 1260 1321 1274
1276: 1359 1275 1323 1340
1277: 1283 1323 1390
1278: 1261 1332
1279: 1381 1294 1367 1334
1280: 1297 1245
1281: 1266 1313 1299
1282: 1395 1389 1333 1362
1283: 1305 1277 1372
1284: 1382 1303 871 1402
1285: 1252 1342 1348
1286: 1292 1250 1353 1367
1287: 1392 1253 1357 1236
1288: 1235 1401
1289: 269
1290: 1369 1349 1372 1338
1291: 1360 1245
1292: 1325 1373 873 1286
1293: 1274 347 1260 1262
1294: 1279 1265 1354 1335
1295: 1333 1395 1386
1296: 1392 1383
1297: 1351 1280 1353 1252
1298: 1332 1401 1313
1299: 1281 1308
1300: 1378 1328 1376 1257
1301: 1331 1312 1304
1302: 1364 1375
1303: 1137 451 1284 463
1304: 1301 1331 1352
1305: 1246 1283
1306: 1311 1319 1238
1307: 1260 6 1324 347
1308: 1380 1313 1299
1309: 1386 1343 1333 1341
1310: 1240 1362 1389
1311: 1306 1363 1391
1312: 1301 1243 1352
1313: 1308 1361 1298 1281
1314: 1257 1249 1335 1273
1315: 835 1271 1401
1316: 1370
1317: 499 1319 1238 1271
1318: 1397
1319: 1317 1306 1242
1320: 1340 1359 1370
1321: 1323 1400 1390 1275
1322: 1244 1375
1323: 1342 1321 1277 1276
1324: 1400 49 1338 1307
1325: 1235 1292 1371
1326: 1330 1343 1396 1329
1327: 1358 1399 1337
1328: 1300 1384 1377
1329: 1326 250 1345
1330: 1389 1345 1264 1326
1331: 1301 1304
1332: 1247 1361 1298 1278
1333: 1295 1396 1282 1309
1334: 1381 1335 1279 1257
1335: 1334 1269 1294 1314
1336: 1268 1384
1337: 1327 1374 1379
1338: 1385 1324 1290
1339: 1238
1340: 1320 1244 1276 1364
1341: 1237 1239 1309 1369
1342: 1285 1323 1398 1241
1343: 1326 1239 1309 350
1344: 1268 1240 1264
1345: 1330 99 1402 1329
1346: 1249 1255 1251
1347: 1367 1394 1354
1348: 1245 1285
1349: 1290 1400 1390
1350: 1256
1351: 1297 1270
1352: 1304 1356 1312
1353: 1361 1394 1286 1297
1354: 1294 1347
1355: 1257 1273
1356: 1243 1352 1397
1357: 1254 1374 1368 1287
1358: 1374 243 1262 1327
1359: 1276 1320
1360: 1394 1291
1361: 1313 1353 1332 1266
1362: 1310 1282
1363: 1311
1364: 1302 1340 1383
1365: 1245 1398
1366: 1399 341
1367: 1234 1347 1286 1279
1368: 1274 1357 1272
1369: 1246 1385 1341 1290
1370: 1316 1383 1320
1371: 1250 1325 1261
1372: 1246 1390 1283 1290
1373: 1292 1378 1234
1374: 1357 1358 1393 1337
1375: 1322 1387 1302 1272
1376: 1013 1378 1300
1377: 1328 1395 1240
1378: 1373 1300 1376 1381
1379: 1253 1399 1337
1380: 180 1242 1308
1381: 1378 1279 1334
1382: 871 1264 1384 1284
1383: 1370 1254 1364 1296
1384: 1328 1382 1336
1385: 1239 1338 1369 294
1386: 1249 1309 1295 1237
1387: 1375 1254
1388: 1268
1389: 1282 1330 1310 1396
1390: 1372 1321 1277 1349
1391: 1242 1259 1311
1392: 1296 1287 1254
1393: 1262 1374
1394: 1353 1265 1347 1360
1395: 1282 1377 1295
1396: 1333 1326 1389
1397: 1267 1356 1318
1398: 1265 1342 1365 1263
1399: 1379 1366 1327
1400: 1321 1324 1349 1260
1401: 1315 1247 1288 1298
1402: 1264 451 1284 1345
