0.588235294118
0.3
0.823529411765
0.380952380952
0.222222222222
0.352941176471
0.190476190476
0.545454545455
0.285714285714
0.272727272727
0.454545454545
0.47619047619
0.5
0.857142857143
0.782608695652
0.384615384615
0.4
0.48
0.25
0.47619047619
0.0
0.375
0.333333333333
0.2
0.588235294118
0.3
0.823529411765
0.380952380952
0.222222222222
0.352941176471
0.190476190476
0.545454545455
0.285714285714
0.272727272727
0.454545454545
0.47619047619
0.5
0.857142857143
0.782608695652
0.384615384615
0.4
0.48
0.25
0.47619047619
0.0
0.375
0.333333333333
0.2
0.588235294118
0.3
0.823529411765
0.380952380952
0.222222222222
0.352941176471
0.190476190476
0.545454545455
0.285714285714
0.272727272727
0.454545454545
0.47619047619
0.5
0.857142857143
0.782608695652
0.384615384615
0.4
0.48
0.25
0.47619047619
0.0
0.375
0.333333333333
0.2
0.588235294118
0.3
0.823529411765
0.380952380952
0.222222222222
0.352941176471
0.190476190476
0.545454545455
0.285714285714
0.272727272727
0.454545454545
0.47619047619
0.5
0.857142857143
0.782608695652
0.384615384615
0.4
0.48
0.25
0.47619047619
0.0
0.375
0.333333333333
0.2
0.588235294118
0.3
0.823529411765
0.380952380952
0.222222222222
0.352941176471
0.190476190476
0.545454545455
0.285714285714
0.272727272727
0.454545454545
0.47619047619
0.5
0.857142857143
0.782608695652
0.384615384615
0.4
0.48
0.25
0.47619047619
0.0
0.375
0.333333333333
0.2
