0.885813148789
0.9025
0.885813148789
0.907029478458
0.891975308642
0.678200692042
0.701298701299
0.745867768595
0.641604010025
0.745867768595
0.745867768595
0.734693877551
0.9025
0.907029478458
0.914933837429
0.591715976331
0.7225
0.695652173913
0.918402777778
0.907029478458
0.678200692042
0.5625
0.748538011696
0.535714285714
0.885813148789
0.9025
0.885813148789
0.907029478458
0.891975308642
0.678200692042
0.701298701299
0.745867768595
0.641604010025
0.745867768595
0.745867768595
0.734693877551
0.9025
0.907029478458
0.914933837429
0.591715976331
0.7225
0.695652173913
0.918402777778
0.907029478458
0.678200692042
0.5625
0.748538011696
0.535714285714
0.885813148789
0.9025
0.885813148789
0.907029478458
0.891975308642
0.678200692042
0.701298701299
0.745867768595
0.641604010025
0.745867768595
0.745867768595
0.734693877551
0.9025
0.907029478458
0.914933837429
0.591715976331
0.7225
0.695652173913
0.918402777778
0.907029478458
0.678200692042
0.5625
0.748538011696
0.535714285714
0.885813148789
0.9025
0.885813148789
0.907029478458
0.891975308642
0.678200692042
0.701298701299
0.745867768595
0.641604010025
0.745867768595
0.745867768595
0.734693877551
0.9025
0.907029478458
0.914933837429
0.591715976331
0.7225
0.695652173913
0.918402777778
0.907029478458
0.678200692042
0.5625
0.748538011696
0.535714285714
0.885813148789
0.9025
0.885813148789
0.907029478458
0.891975308642
0.678200692042
0.701298701299
0.745867768595
0.641604010025
0.745867768595
0.745867768595
0.734693877551
0.9025
0.907029478458
0.914933837429
0.591715976331
0.7225
0.695652173913
0.918402777778
0.907029478458
0.678200692042
0.5625
0.748538011696
0.535714285714
