0.342657342657,0.116883116883,0.116883116883,0.116883116883,0.189393939394,
0.826446280992,0.0727272727273,0.0727272727273,0.0727272727273,0.0743801652893,
0.754464285714,0.0,0.233766233766,0.0,0.171428571429,
0.528925619835,0.116883116883,0.116883116883,0.116883116883,0.189393939394,
0.404958677686,0.0727272727273,0.0727272727273,0.0727272727273,0.0743801652893,
0.227272727273,0.0,0.02,0.0,0.00909090909091,
0.852071005917,0.0865384615385,0.0865384615385,0.0865384615385,0.0879120879121,
0.754464285714,0.0,0.233766233766,0.0,0.171428571429,
0.297520661157,0.116883116883,0.0151515151515,0.116883116883,0.030303030303,
0.81,0.0,0.02,0.0,0.00909090909091,
