0.885813148789
0.9025
0.552287581699
0.907029478458
0.826446280992
0.891975308642
0.76862745098
0.701298701299
0.745867768595
0.423558897243
0.745867768595
0.581818181818
0.812030075188
0.9025
0.734693877551
0.653985507246
0.745867768595
0.591715976331
0.49
0.64
0.911157024793
0.918402777778
0.701298701299
0.678200692042
0.5625
0.748538011696
0.342857142857
0.885813148789
0.9025
0.552287581699
0.907029478458
0.826446280992
0.891975308642
0.76862745098
0.701298701299
0.745867768595
0.423558897243
0.745867768595
0.581818181818
0.812030075188
0.9025
0.734693877551
0.653985507246
0.745867768595
0.591715976331
0.49
0.64
0.911157024793
0.918402777778
0.701298701299
0.678200692042
0.5625
0.748538011696
0.342857142857
0.885813148789
0.9025
0.552287581699
0.907029478458
0.826446280992
0.891975308642
0.76862745098
0.701298701299
0.745867768595
0.423558897243
0.745867768595
0.581818181818
0.812030075188
0.9025
0.734693877551
0.653985507246
0.745867768595
0.591715976331
0.49
0.64
0.911157024793
0.918402777778
0.701298701299
0.678200692042
0.5625
0.748538011696
0.342857142857
0.885813148789
0.9025
0.552287581699
0.907029478458
0.826446280992
0.891975308642
0.76862745098
0.701298701299
0.745867768595
0.423558897243
0.745867768595
0.581818181818
0.812030075188
0.9025
0.734693877551
0.653985507246
0.745867768595
0.591715976331
0.49
0.64
0.911157024793
0.918402777778
0.701298701299
0.678200692042
0.5625
0.748538011696
0.342857142857
0.885813148789
0.9025
0.552287581699
0.907029478458
0.826446280992
0.891975308642
0.76862745098
0.701298701299
0.745867768595
0.423558897243
0.745867768595
0.581818181818
0.812030075188
0.9025
0.734693877551
0.653985507246
0.745867768595
0.591715976331
0.49
0.64
0.911157024793
0.918402777778
0.701298701299
0.678200692042
0.5625
0.748538011696
0.342857142857
