0.235294117647
0.0
0.0
0.0952380952381
0.0
0.0
0.117647058824
0.190476190476
0.181818181818
0.0
0.0
0.0
0.0952380952381
0.1
0.0952380952381
0.0869565217391
0.363636363636
0.230769230769
0.2
0.0
0.0
0.0
0.0
0.0
0.0
0.0
0.1
0.235294117647
0.0
0.0
0.0952380952381
0.0
0.0
0.117647058824
0.190476190476
0.181818181818
0.0
0.0
0.0
0.0952380952381
0.1
0.0952380952381
0.0869565217391
0.363636363636
0.230769230769
0.2
0.0
0.0
0.0
0.0
0.0
0.0
0.0
0.1
0.235294117647
0.0
0.0
0.0952380952381
0.0
0.0
0.117647058824
0.190476190476
0.181818181818
0.0
0.0
0.0
0.0952380952381
0.1
0.0952380952381
0.0869565217391
0.363636363636
0.230769230769
0.2
0.0
0.0
0.0
0.0
0.0
0.0
0.0
0.1
0.235294117647
0.0
0.0
0.0952380952381
0.0
0.0
0.117647058824
0.190476190476
0.181818181818
0.0
0.0
0.0
0.0952380952381
0.1
0.0952380952381
0.0869565217391
0.363636363636
0.230769230769
0.2
0.0
0.0
0.0
0.0
0.0
0.0
0.0
0.1
0.235294117647
0.0
0.0
0.0952380952381
0.0
0.0
0.117647058824
0.190476190476
0.181818181818
0.0
0.0
0.0
0.0952380952381
0.1
0.0952380952381
0.0869565217391
0.363636363636
0.230769230769
0.2
0.0
0.0
0.0
0.0
0.0
0.0
0.0
0.1
