0.410256410256,0.148148148148,0.148148148148,0.0104166666667,0.314102564103,
0.528925619835,0.0,0.0113636363636,0.0,0.0681818181818,
0.318181818182,0.0,0.0113636363636,0.0,0.0681818181818,
0.128205128205,0.0865384615385,0.0865384615385,0.0865384615385,0.0879120879121,
0.410256410256,0.148148148148,0.148148148148,0.0104166666667,0.314102564103,
0.297520661157,0.207792207792,0.207792207792,0.0519480519481,0.0743801652893,
0.591715976331,0.0128205128205,0.0128205128205,0.0128205128205,0.0205128205128,
0.363636363636,0.0222222222222,0.142857142857,0.0222222222222,0.308641975309,
0.297520661157,0.207792207792,0.207792207792,0.0519480519481,0.0743801652893,
0.314102564103,0.037037037037,0.037037037037,0.0104166666667,0.160256410256,
0.363636363636,0.0222222222222,0.142857142857,0.0222222222222,0.308641975309,
