0.4
0.8
0.375
0.285714285714
0.5
0.285714285714
0.5
0.153846153846
0.285714285714
0.285714285714
0.727272727273
0.615384615385
1.714285714
0.5
0.181818181818
1.0
0.4
0.8
0.4
0.4
0.666666666667
0.6
0.363636363636
0.166666666667
0.0
1.07692307692
0.461538461538
0.615384615385
0.461538461538
0.333333333333
0.461538461538
0.307692307692
0.833333333333
0.615384615385
0.615384615385
0.545454545455
0.428571428571
0.153846153846
0.285714285714
0.615384615385
140.714285714
0.615384615385
0.5
0.285714285714
0.727272727273
0.6
0.142857142857
0.142857142857
0.285714285714
0.166666666667
0.615384615385
0.153846153846
0.769230769231
0.333333333333
0.4
0.545454545455
0.333333333333
0.666666666667
0.5
