0.588235294118
0.3
1.05882352941
0.571428571429
0.363636363636
0.222222222222
0.352941176471
0.285714285714
0.636363636364
0.285714285714
0.272727272727
0.545454545455
0.47619047619
0.5
0.857142857143
0.869565217391
0.636363636364
0.461538461538
0.4
0.48
0.636363636364
0.25
0.47619047619
0.0
0.375
0.555555555556
0.2
0.588235294118
0.3
1.05882352941
0.571428571429
0.363636363636
0.222222222222
0.352941176471
0.285714285714
0.636363636364
0.285714285714
0.272727272727
0.545454545455
0.47619047619
0.5
0.857142857143
0.869565217391
0.636363636364
0.461538461538
0.4
0.48
0.636363636364
0.25
0.47619047619
0.0
0.375
0.555555555556
0.2
0.588235294118
0.3
1.05882352941
0.571428571429
0.363636363636
0.222222222222
0.352941176471
0.285714285714
0.636363636364
0.285714285714
0.272727272727
0.545454545455
0.47619047619
0.5
0.857142857143
0.869565217391
0.636363636364
0.461538461538
0.4
0.48
0.636363636364
0.25
0.47619047619
0.0
0.375
0.555555555556
0.2
0.588235294118
0.3
1.05882352941
0.571428571429
0.363636363636
0.222222222222
0.352941176471
0.285714285714
0.636363636364
0.285714285714
0.272727272727
0.545454545455
0.47619047619
0.5
0.857142857143
0.869565217391
0.636363636364
0.461538461538
0.4
0.48
0.636363636364
0.25
0.47619047619
0.0
0.375
0.555555555556
0.2
0.588235294118
0.3
1.05882352941
0.571428571429
0.363636363636
0.222222222222
0.352941176471
0.285714285714
0.636363636364
0.285714285714
0.272727272727
0.545454545455
0.47619047619
0.5
0.857142857143
0.869565217391
0.636363636364
0.461538461538
0.4
0.48
0.636363636364
0.25
0.47619047619
0.0
0.375
0.555555555556
0.2
