0.285714285714
0.888888888889
0.666666666667
0.4
1.0
0.0
0.625
0.235294117647
0.117647058824
0.260869565217
0.7
1.0
0.3
0.608695652174
1.0
0.5
0.260869565217
0.571428571429
0.555555555556
0.190476190476
0.695652173913
0.461538461538
0.533333333333
0.761904761905
0.416666666667
0.571428571429
0.545454545455
0.285714285714
0.421052631579
0.0
0.736842105263
0.25
109.444444444
0.0
0.125
0.7
0.3
0.380952380952
0.210526315789
0.47619047619
0.37037037037
0.0
0.380952380952
0.666666666667
0.769230769231
0.0
0.285714285714
0.8
0.444444444444
0.5
0.555555555556
0.875
0.625
0.190476190476
0.95652173913
1.5
0.315789473684
0.5
0.705882352941
0.428571428571
0.714285714286
0.857142857143
0.571428571429
0.588235294118
0.666666666667
0.352941176471
0.333333333333
1.5
0.666666666667
0.5
0.533333333333
0.421052631579
0.222222222222
0.555555555556
0.545454545455
0.272727272727
0.416666666667
0.6
0.888888888889
0.555555555556
0.823529411765
0.666666666667
0.363636363636
0.869565217391
0.352941176471
0.636363636364
0.470588235294
0.608695652174
1.05882352941
0.142857142857
0.48
0.608695652174
0.1
0.56
0.4
0.9
0.545454545455
1.33333333333
0.571428571429
0.533333333333
0.782608695652
0.333333333333
0.818181818182
0.625
0.3
0.25
0.727272727273
1.14285714286
0.571428571429
1.33333333333
0.272727272727
0.37037037037
0.5
0.0
