0.81,0.630208333333,0.630208333333,0.47265625,0.444852941176,
0.720588235294,0.639204545455,0.639204545455,0.656818181818,0.613636363636,
0.606811145511,0.357142857143,0.357142857143,0.528125,0.275,
0.9025,0.497058823529,0.497058823529,0.497058823529,0.515789473684,
0.602083333333,0.241071428571,0.297619047619,0.510416666667,0.408333333333,
0.852071005917,0.852071005917,0.852071005917,0.852071005917,0.852071005917,
0.871111111111,0.871111111111,0.871111111111,0.871111111111,0.871111111111,
0.907029478458,0.403361344538,0.473389355742,0.724310776942,0.907029478458,
0.771428571429,0.54347826087,0.54347826087,0.628260869565,0.370510396975,
0.734693877551,0.602083333333,0.602083333333,0.578525641026,0.626736111111,
0.871111111111,0.717086834734,0.717086834734,0.670807453416,0.580498866213,
0.694444444444,0.625925925926,0.625925925926,0.625925925926,0.552287581699,
0.87890625,0.87890625,0.87890625,0.87890625,0.87890625,
0.655328798186,0.391203703704,0.280092592593,0.547348484848,0.481666666667,
0.840277777778,0.548701298701,0.548701298701,0.426767676768,0.444664031621,
0.657894736842,0.366666666667,0.366666666667,0.646464646465,0.349173553719,
0.891975308642,0.604938271605,0.891975308642,0.891975308642,0.891975308642,
0.885813148789,0.885813148789,0.678200692042,0.885813148789,0.885813148789,
0.914933837429,0.747412008282,0.747412008282,0.747412008282,0.756143667297,
0.802777777778,0.603571428571,0.603571428571,0.603571428571,0.802777777778,
0.871111111111,0.841739130435,0.841739130435,0.7744,0.48,
0.444444444444,0.444444444444,0.444444444444,0.444444444444,0.444444444444,
0.929846938776,0.720238095238,0.39751552795,0.720238095238,0.709359605911,
0.918402777778,0.683712121212,0.613636363636,0.613636363636,0.683712121212,
0.734693877551,0.734693877551,0.734693877551,0.734693877551,0.734693877551,
0.675606641124,0.557098765432,0.4653784219,0.581320450886,0.48,
0.771428571429,0.654731457801,0.654731457801,0.585812356979,0.670807453416,
