0.888888888889
1.0
0.117647058824
0.260869565217
0.3
0.608695652174
0.260869565217
0.190476190476
0.761904761905
0.545454545455
0.421052631579
0.736842105263
0.25
0.125
0.7
0.210526315789
0.37037037037
0.380952380952
0.875
0.625
0.315789473684
0.5
0.714285714286
0.571428571429
0.588235294118
0.352941176471
0.5
0.533333333333
0.222222222222
0.545454545455
0.272727272727
0.416666666667
0.555555555556
0.823529411765
0.666666666667
0.363636363636
0.869565217391
0.470588235294
1.05882352941
0.48
0.608695652174
0.56
0.9
0.545454545455
0.533333333333
0.333333333333
0.818181818182
0.625
0.3
1.33333333333
0.0
