0.812030075188,0.812030075188,0.380952380952,0.812030075188,0.812030075188,
0.914933837429,0.828157349896,0.5983436853,0.828157349896,0.828157349896,
0.806666666667,0.724637681159,0.352083333333,0.765625,0.601666666667,
0.734693877551,0.717086834734,0.473389355742,0.717086834734,0.580498866213,
0.891975308642,0.812030075188,0.812030075188,0.670807453416,0.734693877551,
0.71626984127,0.63025210084,0.63025210084,0.63025210084,0.510204081633,
0.573099415205,0.275510204082,0.340136054422,0.241071428571,0.487012987013,
0.891975308642,0.41156462585,0.275510204082,0.641604010025,0.365800865801,
0.741418764302,0.292270531401,0.255754475703,0.741418764302,0.505928853755,
0.5625,0.416666666667,0.416666666667,0.416666666667,0.544444444444,
0.911157024793,0.911157024793,0.911157024793,0.911157024793,0.911157024793,
0.617346938776,0.505263157895,0.505263157895,0.542936288089,0.542936288089,
0.682419659735,0.661327231121,0.585812356979,0.55652173913,0.571146245059,
0.736363636364,0.736363636364,0.736363636364,0.736363636364,0.736363636364,
