0.410256410256,0.0104166666667,0.3,0.09375,0.230769230769,
0.555555555556,0.148148148148,0.148148148148,0.0104166666667,0.14880952381,
0.297520661157,0.0,0.136363636364,0.0,0.121212121212,
0.361607142857,0.0,0.00714285714286,0.0,0.160714285714,
0.3,0.15,0.05,0.15,0.0,
0.826446280992,0.0727272727273,0.0727272727273,0.0727272727273,0.0743801652893,
0.251748251748,0.0,0.136363636364,0.0,0.121212121212,
0.3,0.15,0.05,0.15,0.0,
0.404958677686,0.0727272727273,0.0727272727273,0.0727272727273,0.0743801652893,
0.297520661157,0.0,0.136363636364,0.0,0.121212121212,
0.641025641026,0.148148148148,0.148148148148,0.0104166666667,0.14880952381,
0.361607142857,0.0,0.00714285714286,0.0,0.160714285714,
0.328205128205,0.00961538461538,0.276923076923,0.00961538461538,0.251282051282,
0.840277777778,0.0104166666667,0.3,0.09375,0.230769230769,
0.445454545455,0.0666666666667,0.2,0.0666666666667,0.227272727273,
0.1875,0.0,0.0416666666667,0.0,0.0238095238095,
