0.277777777778,0.0,0.0185185185185,0.0,0.0909090909091,
0.754464285714,0.0,0.233766233766,0.0,0.171428571429,
0.277777777778,0.0,0.0185185185185,0.0,0.0909090909091,
0.227272727273,0.0,0.02,0.0,0.00909090909091,
0.128205128205,0.0865384615385,0.0865384615385,0.0865384615385,0.0879120879121,
0.189393939394,0.0,0.136363636364,0.0,0.121212121212,
0.277777777778,0.0,0.0185185185185,0.0,0.0909090909091,
0.754464285714,0.0,0.233766233766,0.0,0.171428571429,
0.81,0.0,0.02,0.0,0.00909090909091,
0.528925619835,0.116883116883,0.116883116883,0.116883116883,0.189393939394,
0.16,0.025,0.0666666666667,0.025,0.0818181818182,
