0.410256410256,0.148148148148,0.148148148148,0.0104166666667,0.314102564103,
0.79012345679,0.0,0.0740740740741,0.0,0.277777777778,
0.79012345679,0.0,0.0740740740741,0.0,0.277777777778,
0.5625,0.148148148148,0.148148148148,0.0104166666667,0.314102564103,
0.269230769231,0.0512820512821,0.0384615384615,0.0128205128205,0.197802197802,
0.444444444444,0.0,0.0740740740741,0.0,0.277777777778,
0.297520661157,0.116883116883,0.116883116883,0.116883116883,0.0629370629371,
0.272727272727,0.116883116883,0.116883116883,0.116883116883,0.0629370629371,
0.291666666667,0.037037037037,0.037037037037,0.0104166666667,0.160256410256,
0.291666666667,0.037037037037,0.037037037037,0.0104166666667,0.160256410256,
0.410256410256,0.148148148148,0.148148148148,0.0104166666667,0.314102564103,
0.528925619835,0.207792207792,0.102272727273,0.324675324675,0.251748251748,
0.269230769231,0.0512820512821,0.0384615384615,0.0128205128205,0.197802197802,
0.230769230769,0.037037037037,0.037037037037,0.0104166666667,0.160256410256,
0.79012345679,0.0,0.0740740740741,0.0,0.277777777778,
0.79012345679,0.0,0.0740740740741,0.0,0.277777777778,
