0.81,0.08,0.08,0.08,0.327272727273,
0.385714285714,0.0178571428571,0.047619047619,0.0178571428571,0.0714285714286,
0.385714285714,0.0178571428571,0.047619047619,0.0178571428571,0.0714285714286,
0.6125,0.333333333333,0.333333333333,0.333333333333,0.347222222222,
0.81,0.0,0.02,0.0,0.0363636363636,
0.227272727273,0.0,0.02,0.0,0.0363636363636,
0.0818181818182,0.0,0.02,0.0,0.0363636363636,
0.297520661157,0.0727272727273,0.0727272727273,0.0727272727273,0.132231404959,
0.528925619835,0.207792207792,0.102272727273,0.324675324675,0.251748251748,
0.297520661157,0.0,0.136363636364,0.0,0.121212121212,
0.591715976331,0.0128205128205,0.0128205128205,0.0128205128205,0.0205128205128,
0.385714285714,0.0178571428571,0.047619047619,0.0178571428571,0.0714285714286,
0.363636363636,0.0222222222222,0.142857142857,0.0222222222222,0.308641975309,
0.6125,0.333333333333,0.333333333333,0.333333333333,0.347222222222,
0.528925619835,0.0727272727273,0.0727272727273,0.0727272727273,0.132231404959,
0.528925619835,0.116883116883,0.116883116883,0.116883116883,0.189393939394,
0.445454545455,0.08,0.08,0.08,0.327272727273,
0.227272727273,0.128571428571,0.128571428571,0.128571428571,0.075,
0.581818181818,0.128571428571,0.128571428571,0.128571428571,0.075,
0.5625,0.375,0.375,0.375,0.102564102564,
0.363636363636,0.0222222222222,0.142857142857,0.0222222222222,0.308641975309,
