0.482142857143,0.148148148148,0.148148148148,0.0104166666667,0.14880952381,
0.81,0.08,0.08,0.08,0.327272727273,
0.227272727273,0.0166666666667,0.0571428571429,0.0166666666667,0.16,
0.227272727273,0.0166666666667,0.0571428571429,0.0166666666667,0.16,
0.5625,0.375,0.375,0.375,0.102564102564,
0.641025641026,0.148148148148,0.148148148148,0.0104166666667,0.14880952381,
0.227272727273,0.0166666666667,0.0571428571429,0.0166666666667,0.16,
0.528925619835,0.116883116883,0.116883116883,0.116883116883,0.189393939394,
0.297520661157,0.116883116883,0.0151515151515,0.116883116883,0.030303030303,
0.81,0.08,0.08,0.08,0.327272727273,
0.528925619835,0.116883116883,0.116883116883,0.116883116883,0.189393939394,
